0.013773546221990271  0.029301882286572045
0.012603589540307316  0.039479489274323466
0.02013932003884302  0.03971259200050646
0.021614728760053253  0.0446620790905902
0.026674539679933572  0.05261618856089158
0.025026541676964234  0.05175682035139965
0.024911511772099295  0.04772569012468862
0.029598318605667057  0.04325395454013323
0.022714510491965812  0.04715244101034823
0.031140172049933548  0.04987119269978818
0.028949501357675343  0.04991639780213747
0.026008413588935093  0.05204909250851863
0.033569454522956746  0.05278390019689675
0.033020019129525194  0.05032003700342417
0.027455068880878057  0.054818955358690385
0.03439108440266896  0.04876674107083596
0.030785487376281784  0.04963969719516819
0.0333224870174231  0.051420487821182526
0.0320798449131581  0.054202859803187606
0.03802699603636738  0.05608132243083018
0.03502028667409164  0.054782800296963384
0.02820634330084193  0.055744637901619196
0.039358665668239236  0.05418052051762255
0.030865836219097848  0.05485989014896636
0.038354040053581735  0.05709811104661829
0.029328935935438744  0.0530263633355581
0.03497873182218825  0.04795933436788005
0.0343432926250285  0.04566443048854395
0.039621586901957016  0.051600462492709255
0.0349474670333079  0.0585158161587888
0.03300043781871427  0.05772818714376875
0.04184417604488266  0.05140087973216852
0.03206968360944497  0.055761122207865096
0.038873431417185474  0.046890847724286436
0.0393308925393865  0.047731132429739274
0.04449166417744276  0.050406479340148115
0.025622432745384265  0.04954811429155241
0.04551883427622632  0.04555530818259687
0.033890630127757365  0.05301242646473222
0.03751827573948392  0.046592354727269636
0.03786417649894235  0.048250263841423766
0.04087794293266802  0.04478218424650227
0.036002903837845115  0.0454235376082166
0.044459605641259614  0.05222965138251317
0.030725256050187777  0.04481111289270478
0.04707233784823764  0.04482186321854879
0.04023326905190018  0.049792305090585146
0.03834339152649113  0.045764751210268594
0.04372734506502677  0.05069549330319119
0.03905578490626059  0.04771458048426527
0.03927497219866967  0.048019518539475566
0.03306710039136131  0.04972354222218914
0.03781859232356086  0.04783774052287252
0.04781145311501337  0.046143357807813146
0.036220241380739863  0.04691768115142217
0.038283532530867984  0.04457479829677847
0.04312262433063792  0.04681819529918547
0.034387389075538205  0.04972616692199684
0.044299525698201225  0.048182787668429955
0.035360320880507244  0.05007255390552369
0.045049166348405854  0.05342743209096871
0.040546821061228325  0.05706465468686208
0.040118900481894725  0.05287962865980021
0.034076382919613  0.048170829365898206
0.041733021822494616  0.0442538932755286
0.035087452471676724  0.05207498482528159
0.0414436264129563  0.04900601736066487
0.042177161481834195  0.052829064707275566
0.03765173095751372  0.05211812570500631
0.041396846057413485  0.04618749054977098
0.04460901022367081  0.04994713899608796
0.0359795671929773  0.043477082761407604
0.03836375512878461  0.04373580524039351
0.045085388415695114  0.04913217256783087
0.03948220075637964  0.04604887341976507
0.034054137614531486  0.0484737693618136
0.04543749244272593  0.05227074960356943
0.04079616122229423  0.05640694946760664
0.041339067410537444  0.055375250157303116
0.039291172853293685  0.05464320122222818
0.035525696770025816  0.05076867668752802
0.035679692714743326  0.04459388230921085
0.04165664173807906  0.04417998550112353
0.04252137621825378  0.050767084200960336
0.03983405761258713  0.04685907309441573
0.041102852659930036  0.04695163850205043
0.045180748283747185  0.05128074354517888
0.03432275982840359  0.049927571150213214
0.04074079241575256  0.05111478733380797
0.03642685687354137  0.055403362434461624
0.040501127704244425  0.0499306224536562
0.040707172862290864  0.05055201674335756
0.03908474438659445  0.04644713203201277
0.03892528369254047  0.046455871879602144
0.042812663776728176  0.04910644849076237
0.035630591990293045  0.049665797649617954
0.04635618843259531  0.05119715954833218
0.03730290651692432  0.052714610883941616
0.037194216383591175  0.0510710931290244
0.045437019769422334  0.05087281974762299
0.03533337703275208  0.04997139748728572
0.04326077961988454  0.05300316008882295
0.04301836731101907  0.05662341193152061
0.0381207735209536  0.05346290943116286
0.044390038475795306  0.05814315052952537
0.03991056884456279  0.051292850935395054
0.04319671950086096  0.0585005102761862
0.041792075937467206  0.063899377959053
0.03289587215918178  0.055417185122385075
0.0416935251663008  0.04658403639666905
0.02889937675198174  0.04850264913067427
0.04060875991831509  0.04880044589401042
0.03377228744681239  0.043323765694860086
0.03890792162720456  0.04117118385303037
0.0385404890536587  0.05044631761092506
0.037785132692659956  0.046825848887641644
0.040768814534715314  0.05310529617048421
0.04025451347865716  0.05140953230229308
0.04182131614819282  0.05254780313627724
0.03996709634150967  0.05141600934340421
0.03547599889863785  0.051518909530371734
0.051565427073831306  0.05069471804440204
0.040487878628460976  0.050260871562241974
0.04132740385687554  0.05196117306369661
0.04692315595470309  0.05191089270110494
0.034828965431805324  0.0484380440769788
0.05499331269815349  0.04657099539187414
0.04368786798024286  0.051674129109700664
0.04774274165740327  0.05647627893664134
0.04386510516675193  0.05900688507365037
0.04305313764212573  0.05940141746850366
0.04536681723016464  0.06256653950843842
0.041338460398141395  0.061771073604533426
0.03551400421245198  0.06185483287079892
0.052531568021254235  0.06346114659997286
0.03818920948789511  0.06764667790427704
0.04113318148881859  0.06811539017070058
0.03652543598701249  0.08028479032232003
0.012455772561723626  0.11817448683582803
