0.0022306534504171528  0.013094568535794328
0.005577795866678021  0.02229441729410947
0.005196563552542439  0.02401289610987191
0.01266506058033335  0.031180760996309734
0.02737967717886219  0.04296517296108087
0.023758063947456404  0.05464103152505986
0.02703648323148018  0.051495179192101906
0.0309991367233745  0.04881904268265456
0.03135609447137222  0.0521835630432512
0.03152863972270167  0.05123181866511365
0.026220641693629615  0.04949556443701125
0.032733828585779334  0.04840238839728064
0.03336917735019998  0.048561612098871804
0.03858517978861394  0.047368521702536456
0.03896372723530262  0.051976013181982916
0.030227430401367935  0.061622031515775846
0.03976476237540171  0.058113359210344114
0.03668887274891889  0.05627938864607163
0.03940486266748901  0.059093351697715506
0.03130199862040493  0.05592256588346902
0.040579741723586166  0.04835206676366257
0.03870924807132221  0.053817228850212444
0.03655058011677518  0.05217039016176898
0.04103664239614376  0.06035317090278034
0.0336400560787489  0.05949333842873568
0.032093189845003  0.04700817665243583
0.04671548593244694  0.05091531552755831
0.03715861774136661  0.05604414847189685
0.040813139871165686  0.05147501468457955
0.0372046111073712  0.05565398999392502
0.03910895042581408  0.054645925907187975
0.03913682758713388  0.05259905786925596
0.03159474426674739  0.05292508170943865
0.04138987740155275  0.04597589888798843
0.0388769981769318  0.05079297783181293
0.03572102834560987  0.05886980005387631
0.04293566205386967  0.05103514945453874
0.04472929084441088  0.058272686237201686
0.03014648381359338  0.05596073113187583
0.04422206395374161  0.05304358611706027
0.043295855904660216  0.05065077022208938
0.03251766192066527  0.05491759073840943
0.04007515087474264  0.05459569094659541
0.03628748314182508  0.05487996724690828
0.048385409705486444  0.05398595531454153
0.036008406379893276  0.05914568539188304
0.038505817952543084  0.05897628776006012
0.031777589647378236  0.0550374860761579
0.045802133472929156  0.05770809128938142
0.039450731163432506  0.06106395889277256
0.03577285446797586  0.048142357824355414
0.044447042232656865  0.05475270360679228
0.03715367296720848  0.05750438123913777
0.03981173172539384  0.057884558402932995
0.03409410305493806  0.05270934531453082
0.03863757625883814  0.04520991601667971
0.03857831885083888  0.05102688805750161
0.0385769507158202  0.05468891944388605
0.039217622685224  0.05113459682928924
0.034150122715349715  0.05512075854653356
0.04529486394526495  0.05250315183363104
0.03964482800271651  0.05698070634351744
0.03352628111196021  0.054646275792598294
0.04532028348469986  0.06298576470122928
0.0393379255362447  0.05875612424974957
0.036633535444805784  0.05867191443363401
0.03584424455333334  0.05646631071018798
0.043426479429110716  0.05644712744925924
0.03804338220303561  0.05905024742795287
0.0403624098893331  0.05824362161776572
0.04625335391942989  0.059301875484927505
0.0362145742667752  0.05865242850836783
0.03699737433053199  0.06150747579706425
0.03068675113056195  0.050342411837788
0.04706040607066233  0.05556845366291821
0.0422494182452537  0.05456324901497485
0.03301309884244763  0.062241422512276455
0.04055267802690313  0.05987311096867865
0.03463431876889596  0.06376956820864324
0.039153526274870606  0.058455459079746995
0.04024611827664817  0.06420206591981388
0.04207364555198355  0.06009497444915621
0.04060860918500771  0.05685422589869366
0.036364974199873404  0.05153546769875122
0.0419483362448091  0.05649402665297195
0.03512998594035341  0.056324447040945705
0.03754824155317247  0.05997950390376276
0.04045026980938893  0.05790522375984683
0.038049366135364804  0.05557922429519917
0.040186605537686305  0.05976315479192743
0.040225362673934305  0.06168828094042255
0.03562690436375046  0.05487143032357055
0.040503984164525074  0.05099435307970427
0.03962194946499447  0.04906499138320072
0.034311684725648973  0.051054841718679654
0.034910205675759406  0.05082648939877836
0.05106699687202958  0.0507571213733013
0.03217544380535309  0.05557754575138476
0.044240428061625356  0.055262720065619386
0.03371193369969794  0.05959331483791291
0.0354148047209607  0.05421011930414041
0.04401230064680545  0.06104153066975615
0.03369141336826725  0.05792332715515565
0.04446526326449182  0.05908808614350902
0.03554904804031882  0.058978307057532285
0.04724445929892717  0.054865567186493054
0.032550682206848015  0.05349989227018821
0.03949037647364253  0.05697321632877878
0.03862752914855906  0.05359776869152049
0.04388274365448177  0.060119195346949914
0.029223481815976303  0.052068337308092086
0.04231763358414773  0.050591676591821004
0.036030655308560186  0.0508617915190257
0.043303039929489695  0.05261685620971699
0.03243582788806151  0.05905629251632666
0.048780268288389245  0.05739614657885167
0.026926049300782986  0.057242193089371306
0.047246695049231485  0.05031529011660187
0.03506313433905792  0.05363036221950175
0.04501407177506203  0.05311263677674237
0.043442829962224795  0.0544383524924475
0.03696024459735418  0.05427173752890193
0.0395079872592312  0.05831234959035178
0.040852893139239656  0.05044432749417056
0.03989044762777338  0.05385665426284467
0.04718545540121091  0.05477167253689234
0.039323430713638134  0.06010109985977545
0.042630687712908066  0.06484711809880193
0.03784065071667013  0.06202943172482079
0.05014664083963713  0.06137705036571763
0.04061997448001796  0.06304027764308737
0.04429174814268621  0.06073431650986141
0.02457177105376835  0.06972147838329212
0.040698775742660266  0.06526273006671078
0.04022187497896205  0.080160678012424
0.016233020423053808  0.0819624770696136
-0.016071079367462396  0.09601563341650886
-0.044393599928628874  0.09234003115279468
-0.03996791629901153  0.08569320740582159
