0.0  0.0
0.0  0.0
0.0  0.0
0.0  0.0
0.0  0.0
0.0  0.0
0.0  0.0
0.0  0.0
0.0  0.0
0.0  0.0
0.0002499191602866903  0.002173409497448246
0.0014792216127287095  0.015561759997560858
0.004235083306114859  0.02216942173000536
0.010837026977510605  0.02997180293966329
0.01313694295294353  0.041096528073442
0.010721162548511793  0.044258915407447155
0.031193054473173783  0.056491474562137566
0.030403796972735903  0.05717987003605642
0.02822088376374118  0.06509213979617
0.03566665633369314  0.06886475123930136
0.033163583119992  0.06196983367153531
0.041557180079906615  0.06989601516906595
0.04116866369198214  0.06499766911412194
0.048019054770054866  0.056321206810642795
0.03849939221120916  0.06207894022248584
0.049864398530093286  0.06131587442848638
0.04281621983303189  0.06198469883435337
0.041911754408093006  0.05646351955364573
0.0446522284152834  0.05731226175317265
0.054023319088503885  0.059946245147322975
0.04160958500224115  0.05959994454054416
0.04732423180488656  0.06102240427537721
0.04503436541490188  0.055940017269802446
0.05422419908238494  0.061235503799329134
0.0419248677489231  0.06388759076690168
0.04615380907641454  0.05628740568812893
0.05281984876938673  0.05704812135629181
0.047014903672423954  0.05354756877758077
0.04480314013549963  0.05482308639198506
0.05079301293013982  0.05289692625914411
0.031495021170740316  0.061696984772183605
0.06837346447599076  0.05063444849062649
0.038298072970034104  0.04916703586014645
0.04644742959480867  0.055868975852431946
0.04305259152657637  0.05471988935241517
0.053924686708459915  0.05795580355308852
0.0488310871543568  0.06058487167334742
0.047376394769766704  0.05745612911185582
0.04621555284191484  0.054033570059822116
0.05194039766181377  0.05645125310098281
0.04510621783187338  0.05583224875709449
0.05024892357482944  0.05608110860003841
0.045548426631993766  0.06116618745923284
0.04681218174408618  0.06190478724790892
0.04447531351707617  0.05998975221495633
0.04730623332554233  0.05333903703297323
0.05481826368638692  0.06238711237919138
0.03703546132033945  0.059893901488434896
0.048249121106502646  0.06005426816443192
0.04915422566368318  0.05717287841967973
0.04896903784632066  0.05466693098554829
0.051172027469290664  0.05695082738187594
0.050987367803374185  0.0552667779043521
0.04692040406681994  0.06344528949980462
0.04716686159755052  0.059338334878955505
0.04224991375421981  0.05464833238521801
0.05428609042159515  0.054797054869111066
0.043918874287714016  0.058271217634418594
0.05002175096443107  0.05675123542712621
0.049474155048073176  0.059469489457545203
0.04844866303284324  0.05788125401204441
0.04153293453863027  0.056968791813517744
0.05017082427664889  0.05672399064639861
0.055279007579872225  0.04885098147657909
0.04299195481849201  0.05640736908609702
0.05334819073660815  0.05690359402981922
0.04026117911936614  0.06358264294560972
0.0471397205658567  0.06336976521343421
0.050206772579477234  0.05497051292139194
0.05229193737378559  0.06050586110968916
0.044033846394038345  0.06041257790522551
0.051411543037425116  0.06314457695178576
0.04937319642195744  0.06097702108163895
0.05283931657259425  0.05454378350168254
0.04159474920284768  0.06065864884127572
0.04755726176965208  0.06294783155942418
0.042539785787219064  0.050278155431718506
0.05409803427862026  0.05447884640761324
0.045052599439066546  0.05948283938475061
0.05336108600757522  0.06094257917147879
0.04439642846366119  0.05871476876401095
0.048085507897225266  0.058570807095062856
0.04398655359460798  0.06102196133127864
0.04633673356755282  0.061324715686489256
0.043979007792566756  0.05744411761009164
0.05101122387958085  0.06059617362121669
0.04769412003693908  0.061264788116545156
0.037007490527660426  0.06047090406464881
0.054301321650576335  0.059510782434299914
0.048386713859821955  0.05465931780312241
0.05077880784616836  0.0521250329283648
0.046258238185379955  0.05998590659229273
0.04384951232411792  0.06386868361913625
0.04705358890932982  0.05470369355941113
0.04066581495554521  0.05808615089690464
0.051883073346672325  0.06234647466229075
0.0454243412237603  0.05705635427778254
0.04875990399319098  0.05975438868494521
0.05623847615340727  0.06349457718629595
0.04028984707833759  0.060954416388866596
0.045994281631138834  0.059239016879149266
0.04272539716311126  0.0660684140048579
0.03883207618710207  0.05469206368738265
0.05119770541356813  0.062058792673387715
0.03471740248822639  0.06343315897563824
0.0505263142451366  0.05885193635861543
0.05246986672920455  0.06334799357209617
0.03306045182957954  0.06660741185516635
0.036014774991230805  0.0632608811773162
0.02700672471628805  0.060785180535172595
0.0320784648369113  0.059074011751887485
0.033089106758648165  0.059340276218635975
0.022824272476969786  0.054340668571753625
0.012512673200550349  0.04948987991073071
0.01574171932040495  0.044815033623918615
0.003985578108239575  0.03952167419557505
0.004906891832571723  0.030541124880497893
0.006661551409121721  0.022944311398115917
0.0026791545529875503  0.017383138891010477
0.0013689688390257494  0.012770414722589406
0.0017730257602882255  0.012182291216041655
0.0003406485991351341  0.003944749619414755
6.770305121389811e-05  0.000613357291439004
-0.00016275070202020268  0.0019188028270075287
0.00031558677263134565  0.003720713255752508
0.0001523551035593318  0.0017962369125701684
1.160584327055046e-11  1.5851769474658867e-09
-1.8344153815011817e-10  1.8690888560213792e-09
-6.327175608841377e-11  9.40162750200926e-10
