0.006458591136984941  0.0228636667589186
0.00719052298273492  0.02871747774290635
0.016493867892574437  0.03376723023884823
0.022259353599518774  0.04648320310058382
0.025418649257151003  0.04721409386304728
0.031765480542286624  0.049554951450316055
0.022478787965655306  0.04968539843626236
0.034343290268882096  0.04902585312405628
0.022919695423263723  0.05189122315823221
0.041052715084819814  0.054945179192695225
0.023284168569261177  0.05722303372530963
0.03057284256371648  0.05238330779256328
0.029856070660455033  0.05068608256585572
0.036451679753611625  0.0619214506166171
0.033425981152990475  0.05322319990335492
0.03549518926481052  0.05137242649839398
0.03388157859774726  0.05783086749557403
0.034958775574636725  0.049130314703401005
0.03357858531536975  0.05088887771313655
0.03491196244316391  0.053833103609824996
0.03522139328170495  0.053646682175114445
0.0418493220639749  0.050023896566973924
0.030450720135625817  0.05172745229530279
0.038531693449299104  0.05156548235741924
0.03280551758462367  0.051653802310336075
0.03427625583598872  0.06162061977077421
0.04575657515457269  0.059003837721848744
0.024676818131747946  0.048519167810835685
0.04224628258870591  0.05297725804741084
0.036311468902121224  0.05636527644628754
0.040807360825514914  0.054782307199804585
0.03439494484836485  0.0536048325912438
0.03677768569372117  0.05749556985559156
0.03721636224992075  0.05603568786040705
0.04007119114486924  0.05697513606011829
0.03404951346588426  0.054475568807935144
0.03601304956467088  0.056633004543980195
0.03936195360329547  0.05486663840322753
0.03640566348773101  0.052278519708969816
0.03939153372231223  0.05200009183381293
0.04359288349781618  0.05110548840301667
0.032523158035997  0.052372313548113274
0.04193010525545705  0.05301987057979996
0.037358621603827774  0.05759874663198885
0.03988200680879724  0.058891965165603195
0.03268929605222696  0.05761189472112729
0.04408413727745963  0.04854259894516082
0.033272097937977904  0.055622509385059554
0.04036526345063476  0.056386338285808454
0.04115348912069759  0.05503680056458878
0.03730337579361503  0.06431371232860109
0.037166278044163455  0.056961094299920446
0.03874981468283696  0.05479265774047875
0.04418534728274696  0.056604522414372194
0.038455820296659574  0.057140792867981086
0.0381480366801299  0.05993144030319088
0.036974909820050604  0.05409742609980259
0.03281004786068986  0.05282210524656971
0.044866480007157164  0.0494050510809007
0.033082894272780106  0.048164800555149344
0.04507530515328735  0.04734616057213325
0.044941971737415716  0.05205380377619364
0.033156743872382016  0.053575619062878665
0.0451296658633986  0.056418829117313087
0.02907948198695317  0.05433707295281606
0.045806172321738704  0.04917721012876613
0.034380799426686044  0.04954506634005085
0.03777978088157524  0.04558028329482176
0.04437388869344469  0.04726989351491821
0.039121810818258954  0.05230846940631906
0.0378925359011426  0.05302683213419883
0.044579515769837576  0.054018673482706024
0.03578477828806379  0.05772990405215765
0.03570009441134086  0.05499454143186856
0.046399218370154004  0.05739723882216939
0.04333563874970575  0.05065411183176808
0.03287948268879095  0.05481149022827004
0.036043133279173925  0.05334083674441606
0.045682596757297605  0.057539465096635635
0.03362492031883964  0.04902281648863088
0.043320148698738146  0.05057274336773456
0.04000242096676086  0.05617642204117087
0.03923009869890392  0.060179346919654514
0.04044901737975265  0.05565360588023705
0.04070335024835634  0.0555220963818832
0.038567261795493295  0.054649371397403806
0.0428200071716582  0.05612081623050311
0.03954244126176403  0.05115553052065697
0.03798153638525888  0.055035450530013984
0.03643602402456586  0.05617653079059187
0.04547390387292786  0.05290525197586628
0.032933207441571764  0.049881418710945
0.039511617438310366  0.05606093478838081
0.04247151294083507  0.05195883701929058
0.034263729952151184  0.04945456580813937
0.039433453092094874  0.05338270308612275
0.0372811366483574  0.053477616872979
0.03706072998865853  0.057519686093075756
0.04256701815343329  0.05320160328764756
0.03940181503274386  0.05105291887616756
0.04163805785728411  0.05465849536563332
0.04414207507868086  0.05520390891133884
0.03667686125880979  0.057227445142650386
0.03824502109841845  0.045860015859099115
0.03850701547742843  0.04301531384020997
0.04364850197025221  0.047914386987403385
0.041893794252346774  0.04839876991363243
0.03795487614527641  0.0475453991502758
0.042210080387288976  0.050673605042618475
0.0385649140065007  0.05266776363368518
0.03634595017155647  0.055054239300225793
0.044831761633022604  0.053223659953194724
0.04522367351019641  0.055942682091059195
0.03289987799519064  0.05444088651454558
0.043240289490762376  0.050819979188687525
0.03000911153886411  0.050341981664710586
0.03825400619214878  0.04670216072772847
0.04499924182963195  0.05201074006025136
0.037191310950677584  0.050312019819937666
0.04513609370036461  0.0474946267472939
0.02983709149959307  0.05430649245238591
0.04309992534071423  0.047410614753994725
0.045148716829830515  0.05110253134512001
0.033218453341399175  0.051854763555224774
0.04878892888564203  0.04675806383092716
0.053452305501332883  0.04891227008174826
0.03553427643679796  0.051161667306361625
0.043684615025855966  0.05280305571683918
0.049943390258073136  0.04839051665425907
0.0384364804194235  0.056658961051469954
0.05133362953502602  0.06477183822156399
0.04301230837287058  0.06649319546323906
0.036133992199332936  0.06651658042743809
0.044498045898791326  0.05875632539403613
0.04327369676739987  0.06174734825277409
0.03712766303786207  0.07687404358826583
0.027401082785705747  0.07899308636810111
0.016384694084208933  0.0956406041646241
-0.07566547550568925  0.1371549773982297
