0.0  0.0
0.0013198613572154587  0.008912537257150984
1.6534797122183928e-05  0.006348398347343092
0.003501712699497566  0.012343947660927857
0.005394097579143578  0.024364928462224187
0.013499573928342874  0.03553994358906015
0.017475449144122423  0.04230756987586334
0.02960243483010222  0.048384634578505524
0.02793834541768639  0.04887098205923647
0.02922453111542969  0.05239327987556084
0.03497320480341026  0.05220466842810353
0.031911937850219195  0.053598879701039034
0.031677238789340645  0.05536963270570313
0.03687957200221997  0.053675647513020605
0.034037240532582  0.05298294928393832
0.04554420535158609  0.054979356294718874
0.03821620413903232  0.053571696249373066
0.03715836718708584  0.053312465863744135
0.035763286918387975  0.05947616434922584
0.044443832833650394  0.05212555535843703
0.03570266673846342  0.051690193168513116
0.04526116130608905  0.05587814791882689
0.03646907249955218  0.05969464445567256
0.0377393883346313  0.0533420617954406
0.03609374290615325  0.05548730618299625
0.042888538368504626  0.055185806404420376
0.03926683094715961  0.05007070651973548
0.040214456569122564  0.05263400466701421
0.0362599213039639  0.05811054415988831
0.04171210225367357  0.05587627131099077
0.04096360430196624  0.051958981708832494
0.045649418607252454  0.05217564943397489
0.03464534337120345  0.04827340360278622
0.04322964488884138  0.05908853785642045
0.03840932453660991  0.053315309617026733
0.03828583903557552  0.05460680405348064
0.041351947274304315  0.05386620496185221
0.04055124086106371  0.05514926556898586
0.039397468314188014  0.060911722495434334
0.03846771067872992  0.057173876818179
0.042439717637737254  0.050834653858259256
0.03744281376753035  0.05331045295689062
0.04548932497903444  0.061531911329829075
0.03082947420081645  0.059626617356770925
0.045937677226067376  0.052844351676000136
0.038816549568112355  0.05593156344499698
0.036428345567550514  0.056272883852654644
0.04366361329784038  0.05329219427165469
0.03740119125596336  0.056480471071311475
0.04103418951075866  0.049478592927852
0.03681548951322656  0.05327105082730513
0.04772248357093248  0.056906193917318555
0.032342316778823856  0.05423488849373952
0.0447167692870455  0.05596897461966248
0.039942741351422506  0.055371971128218934
0.04152670284570849  0.05652343905839099
0.04497715964252839  0.05018317105336573
0.03469610446501139  0.057419748214957295
0.03438767744652802  0.05084978339396677
0.05790478778504682  0.05026420203234531
0.02812224587641663  0.05122476219559684
0.04291588393904251  0.05154137053303051
0.033749463895198874  0.05662684204574085
0.04904562350115016  0.05868038942357208
0.03455557694609207  0.058905072677155564
0.03663692811590054  0.05773265515665721
0.04264182343670269  0.04949663631856856
0.037386158522055964  0.0560836509631674
0.044155048581727786  0.05526762953291957
0.03700171414914209  0.055379556869845116
0.0398391003557824  0.054145168891373816
0.04375113543100475  0.05112461584209588
0.046977897418825076  0.05469031833968895
0.03774635224774785  0.05898026154226264
0.028280115846810953  0.05728980260918405
0.047599210748683674  0.05510919420439035
0.038157447739775585  0.056316886528103086
0.040304641462778165  0.05644695655582431
0.03669293098355416  0.055283388053344956
0.0359450297800021  0.051652394673426714
0.04149297273974111  0.05920881695345996
0.041742370118760995  0.055019850427878096
0.04105733630576627  0.054869062353331575
0.040457140654799884  0.05600807870558544
0.038447137797869554  0.051897313518111825
0.04295138687279886  0.054962054825486155
0.04200483221831879  0.05361219274342338
0.0429216011466393  0.05681696588700484
0.0406091079703792  0.0583603191342039
0.033864218144990965  0.04950771353750104
0.04527737517917686  0.052865923853209255
0.038476949711039855  0.05737031131187687
0.047088587816073474  0.05822782675719215
0.035327314904254815  0.0601996269805183
0.04251031725799261  0.06057486471229377
0.03625582428429861  0.056302845902320466
0.03901668644177917  0.05702636106616762
0.04366804804562898  0.05408752104435524
0.04288100799827558  0.06001498297542768
0.040856026091440116  0.0625019474531842
0.03440225165393696  0.05594406524106849
0.04348854020697382  0.062021380198543204
0.036614401716740824  0.06404860098341983
0.04488759720844081  0.05388972862402273
0.031477584933033  0.05511530025261891
0.03802949926877638  0.05525716505514969
0.04280942941401362  0.056640102945247524
0.03910913269519452  0.05321167893338869
0.043170353531021  0.05644500597688038
0.03937166254736442  0.05456024757061415
0.037473987458451714  0.054621824602153576
0.043771794260060747  0.053271425326728634
0.037707137818879216  0.05626290913580746
0.0362241151838395  0.05730825859166947
0.04211110219966586  0.06303260977331644
0.032867182873644485  0.05662499679650257
0.04269216131420458  0.057695377890177445
0.03567255822276296  0.06040782258239483
0.047905814756657436  0.05339325199412863
0.03876008713220926  0.05489319894978141
0.03873924338359749  0.06221018726967756
0.041766554257619125  0.062440128998004676
0.038916344509779266  0.06261295394243976
0.03866643255971597  0.062258488253168764
0.03878704777024938  0.058276592738251566
0.04126198761839664  0.059951379233952065
0.041656952285524365  0.06105732575375204
0.03864072296130103  0.060349838202306993
0.039318119409494236  0.056213464392556374
0.03895222313529427  0.06369506577197451
0.035673038906651404  0.06967103199550857
0.02797749212157853  0.07309451646592494
0.024344388509294202  0.07010937552655332
0.008084520044056564  0.07633222667969108
-0.005642986436189913  0.07611004597725693
-0.014886017264249759  0.06284496824336684
-0.011961759925488941  0.04722301107272256
-2.1508813334178027e-05  0.012056702375089904
0.00042415404763377826  0.007819547494824369
