0.0  0.0
0.0  0.0
0.0  0.0
0.0  0.0
0.00011384169360268029  0.0013421737730723948
0.002011379656965476  0.013586512618903687
0.002027007964904572  0.01883412476072216
0.0030880663802395326  0.01613884531693147
0.009197789249622414  0.02725629809751497
0.01215181512615279  0.033922940330227205
0.02688457356390875  0.04473896517548734
0.03019684790829267  0.05251713704964957
0.02767440006382874  0.05822960977306939
0.03984851731977747  0.058215005287640634
0.033581914520264995  0.058472683027546206
0.04046325431402142  0.05917536952555693
0.03757815527692887  0.053498292325859384
0.035174705658274345  0.056603505094073574
0.04459326573455501  0.05218056135931247
0.039969353789960596  0.05325643537589294
0.03847805171520282  0.05814950541731345
0.042158662221094025  0.05661705249021012
0.037947641805463825  0.05627886647356848
0.04050227440980423  0.05289675166577486
0.045396115539662996  0.057122571139110644
0.0372096430079822  0.05708171527078943
0.05169766386343524  0.05171231862890455
0.03134728616007791  0.05266358812508516
0.05107477523612796  0.059026870274348095
0.03642253195831048  0.0591404647083484
0.044315119064668944  0.05704544602942286
0.04158059295903945  0.05990320274011478
0.04658788094887922  0.05622965366191565
0.03752167078092913  0.0528483755630499
0.04084228973799902  0.05993619515559351
0.044520601608783635  0.05353103396544529
0.03494342964231014  0.05283036384970097
0.047806465752883144  0.058276132404713
0.03917392143512901  0.05269028059702853
0.05004339777735925  0.05294430391685682
0.03892494103507556  0.054738117495950346
0.03631372084396276  0.057379213221733
0.048561489555272314  0.05365954722645816
0.038859381483590236  0.05740308330377143
0.04542492255121441  0.05209452726458203
0.04098026837433149  0.05651814066839679
0.047627191410248876  0.06533672950976259
0.036851621050965226  0.06302235035552577
0.04855097715226836  0.056239621269988785
0.040913862938599124  0.057657395160757866
0.038477914473906215  0.05511443312371663
0.04835959096201832  0.05216917370067608
0.03717676043582783  0.06149193445334259
0.038796227164425115  0.066510754961934
0.04478817988070445  0.060383432802829366
0.040322686527258254  0.05503916106644238
0.04523707143598031  0.0538098770998283
0.04327469092752802  0.0584287109595574
0.04554774371968475  0.05742478290345816
0.04483317183769718  0.05500046526592843
0.04373774059655494  0.06277778090312337
0.029391254814009966  0.06256329130549315
0.04912521968433368  0.05924411159911773
0.04433768744355936  0.06290967066876364
0.03838268402623528  0.056192207427832
0.049637024525152104  0.055363652084555535
0.0409563261295592  0.05397802019067081
0.041459757787385663  0.05517226759449013
0.04204120937104083  0.055318364569966326
0.0434139799904248  0.06111368808070679
0.04254519413852914  0.062030865649405034
0.04331643757375041  0.0609529482379072
0.04624208972014749  0.05781543377967985
0.03677919209080503  0.05180743161371201
0.04529905442782607  0.051402484415889835
0.03358373569577545  0.048869447252751975
0.05636967622921959  0.05092175331044325
0.043342592645975564  0.053147567564110924
0.042014874183194106  0.056030206962122
0.044539606349416276  0.05758016524168043
0.04244060699911978  0.053056045595478336
0.04363191379814731  0.06251088652950831
0.03628007687608508  0.0549170318214043
0.048402054776390195  0.05532335014473279
0.040225978422722984  0.05117545123819598
0.03850732025288128  0.06022310540768451
0.04616532712781585  0.056775110934751405
0.040323581435708085  0.05442670838630418
0.045091056109526906  0.05518036229663727
0.038182072997443264  0.058661740263698824
0.045376244549348174  0.06414291422577043
0.041433781880060715  0.06213407463372801
0.04298588205197147  0.0506036051119841
0.04134102220561835  0.0532535438828792
0.04797982137853486  0.05656301777915273
0.03805998318434241  0.061906877096957275
0.039171350243190406  0.05265782642458815
0.04231547313936401  0.057987648934028226
0.04088111662353511  0.05813217132054599
0.04732703607240396  0.057053083175134245
0.038583337040005085  0.055728594180714276
0.04479170262213903  0.05458536651450172
0.04312625789571099  0.0568115756596847
0.04705702183835033  0.05424701834191165
0.04268021361668416  0.05696750453467479
0.043772824295826074  0.05782511533751787
0.034105138915073795  0.05147708033768338
0.04266572136337734  0.05703371322390791
0.04489994656592161  0.05541803483556305
0.03963748905323817  0.06329028806299866
0.047524956127654075  0.06039221777447452
0.04390739568563236  0.06255684970835096
0.0357740310251439  0.055177558607446504
0.048353415812425554  0.059865314421388593
0.0373323621853308  0.058870456441275414
0.04023099501105666  0.05474026923311932
0.045065059848017286  0.059738318201981624
0.03929120616087524  0.05923082181410607
0.03563184958321178  0.06137167610044611
0.047302616581063134  0.05987458950877304
0.034990951073980196  0.06310714772825443
0.034610119849228155  0.056609484597216576
0.04219851507245274  0.05732744845901525
0.03212090744164806  0.06458308648072733
0.03678187433063672  0.05766110706657433
0.042533459818780844  0.06488765428360732
0.03406568480375151  0.055808039829864965
0.0269461572959771  0.06217898279687954
0.021801503703955276  0.0625656118833145
0.010276828545786145  0.05568166599103971
0.00699844490032845  0.05304585078248952
0.006449688496487197  0.06002278273009882
-0.0032186614084177586  0.040631294437052365
0.0018257150871593376  0.028408921662811903
0.006738916261353932  0.023770911783036777
0.0006985406698940195  0.014655966520322979
5.97686148707017e-05  0.0010696802407628699
-1.241271114465243e-09  8.358517069436355e-09
2.9176441040945634e-09  2.5209217535478937e-08
