0.0  0.0
0.0  0.0
0.0  0.0
0.0  0.0
0.0  0.0
0.0011768605886214598  0.010818190375373907
0.0014619845593936683  0.011114029367378203
0.006746780447494295  0.019277912245570777
0.009134691093608982  0.026071205522209373
0.014496018265598197  0.0360078285521852
0.019939203245512953  0.04556653199292098
0.026198146459323002  0.05325503821180122
0.03745434747795736  0.061083239304264327
0.030082212383647798  0.05776529930863383
0.04201534910101447  0.0552491307086134
0.03608252138465862  0.052648356857736694
0.03258996956386996  0.055393947352683284
0.041359756440816756  0.05391815936049184
0.0404453892783743  0.05435795549504017
0.03916980366490752  0.058361136298631544
0.04749937335551305  0.05465297324498686
0.03183996679304659  0.05508132345370076
0.050116527501429364  0.05526662533332976
0.04040636838876074  0.056691959163854465
0.04320079814310466  0.062398195389166834
0.04028714794343679  0.053135864139358856
0.03492816057668586  0.05561571522439681
0.045210808313301896  0.05714614927273358
0.049396410453075315  0.0567016051919102
0.03543460997199531  0.06130645211964519
0.04578148393217299  0.05610785945012832
0.03396684695250448  0.05224952920512518
0.04094185477627192  0.05399353714657916
0.045679492910845325  0.05548645159830948
0.048246781678596334  0.05376552609238053
0.035791137382177395  0.054486881907352964
0.04861564103942088  0.05357421812682664
0.03155992055479599  0.051681429042759006
0.05010014296485589  0.061141431254203904
0.034215922298918185  0.05325425335492721
0.04754192348593099  0.052880024482796995
0.040535037772759006  0.059900651153867675
0.045857550703549056  0.05079757652677883
0.04351006595245713  0.05236673816286739
0.04606114625070312  0.05296945129962242
0.043434092766792255  0.05112068666273971
0.04656608752676757  0.05951502393250069
0.03555521080502973  0.049551804956826255
0.042216942948495755  0.051873457369799446
0.04314415569403077  0.06027643243909702
0.0411439791986869  0.06065623405758393
0.04098176325986022  0.05918674945579997
0.04291631451453408  0.05943138103571757
0.04711032818401212  0.057492979002325945
0.037599686352392005  0.056983946616859786
0.041724760350343955  0.05841748488007616
0.045649181463361936  0.0583550295858458
0.04275766488139087  0.05604820475037287
0.0460573947678963  0.05640343713340744
0.041168864688717936  0.06330001343236166
0.04931298450673138  0.057905941599231465
0.03212444565372834  0.055041766424071374
0.04688271579669482  0.05443527386813408
0.04023191122001062  0.05491911326141675
0.04643557327129312  0.051131269863652476
0.048307405060775924  0.05733795003068505
0.0332115058639868  0.06383905847868493
0.04397027557260323  0.057122796304687064
0.045020706833886454  0.05620407971615498
0.042869842670362146  0.05344362980540692
0.04234753551921488  0.05403789613431776
0.03870608214581026  0.05974625133159775
0.04565893021842993  0.0565508219686295
0.045254425690893725  0.058273575805654315
0.03304678734495658  0.05869742774595823
0.05230651019248008  0.06034297298254389
0.03810651658469991  0.05663916808625779
0.04004671212523299  0.05723169636998653
0.044964922378180235  0.054106570419607154
0.04033750031601493  0.051561767253735256
0.04508489935475091  0.053696396777749913
0.04496582378451175  0.05616796258603706
0.03564057735546499  0.05771602112303669
0.0488664538199567  0.053370552332899904
0.0433941267467939  0.0565069163268385
0.04427665502857888  0.05287827570830436
0.047161384196633044  0.052682607563091614
0.042642337641018435  0.057942492746279384
0.04413707694332189  0.05710984976567782
0.03706891450145451  0.06574588343983893
0.039755669543111584  0.05862055637397095
0.03986548109773433  0.05946179029963714
0.03840275248038714  0.059693143542757496
0.04471444074427504  0.05468828045267115
0.047873115438364096  0.05891207091168476
0.04145259842558418  0.06330202302255925
0.039337782185467574  0.06070995729318215
0.04463171938089331  0.057463930244968486
0.032243009225985  0.060927524648633956
0.054349193673261756  0.060436318837726995
0.04210565701205361  0.058516102725583274
0.04492439866786486  0.05890455262322134
0.0399099855736189  0.06354998175107085
0.03878416680310885  0.053434069496447495
0.042758307372679195  0.05622976310562677
0.043098593582972695  0.0589549143819917
0.04417893993540602  0.05621857941635093
0.04262144307454777  0.05293423536258633
0.03861687391523278  0.059300443358403884
0.04165589881887851  0.06150735679563172
0.04523722955489192  0.053658721265185616
0.04110745443613358  0.060694429433135653
0.041683715827861484  0.060767032277610475
0.04338860815108694  0.06427797086897237
0.038150457818743204  0.05968623145650166
0.04555674909175628  0.06549958472385405
0.043688337517632625  0.06396856348418374
0.03823974158501866  0.06101162058720352
0.036864367559136836  0.06288900829263391
0.04065099353382748  0.05897300474413227
0.04298871934137758  0.05942116893037036
0.038247815585440124  0.061422635389333825
0.040669170063743605  0.059320593435420246
0.04068593206017712  0.0676525862374045
0.03146959246116042  0.07123526997097954
0.032833867219474164  0.06907426418917545
0.03806231013800891  0.06725789554807739
0.01920983207346006  0.06367914331008895
0.03236547446875763  0.0641129581844267
0.012642666804442006  0.06629486086791193
0.0031118122337427754  0.052127068645646854
0.0005198064357953986  0.05768595373402496
-0.0002677318248540038  0.05025445603224164
0.0028341461319448496  0.03071945430348039
0.0030297887722353168  0.018932835067004813
0.0021031585452465575  0.011135115150635042
0.0022635603555603585  0.010195366890734359
9.258792258789925e-05  0.001443930778116874
1.0541315756792561e-10  2.9307425038923055e-09
