0.003495562776168778  0.01704511878744531
0.008441008780832438  0.02913933713453662
0.017428505185834244  0.03667797722607351
0.022325322178041736  0.043550226258922624
0.023092445239285178  0.03968822845009867
0.033311101267945106  0.05228777988208632
0.02367870696282593  0.05233422804250267
0.036611548842455495  0.05605682189683384
0.01856562111199041  0.0561975311572097
0.03200564150357307  0.05093930707351182
0.03285808974303894  0.04913154931241144
0.03252451742622664  0.050452868982792574
0.03394439179641893  0.05645072030345679
0.028470459940114778  0.057561661395188944
0.03273951751074709  0.051903832734170326
0.037283741206269184  0.047912064673467064
0.03181345328217562  0.051815463875708775
0.035381876412474936  0.052404785958705034
0.03478986207118057  0.05607835170834144
0.03465306110301036  0.05809412807816216
0.031104016460440326  0.050663890129012734
0.038273804267406585  0.04921634918511115
0.03866111364173951  0.053796096151641326
0.036502308361880294  0.056407955829517915
0.03370611152998103  0.05914489664683716
0.03786114869524841  0.05474892873006798
0.03271596923888361  0.05087685655943747
0.036936268099273244  0.054847745463394396
0.034670426825129  0.05230243819937694
0.03757703348851234  0.05486745638263492
0.04095703287166901  0.05316342797377507
0.03687297396010132  0.05175480617349926
0.031655788106951806  0.052281725435390586
0.03981421524591572  0.0465469903128917
0.0374532108798522  0.05370805682912453
0.04106941683490006  0.05797018616845251
0.0377654176390958  0.05527299548697582
0.033540792955381885  0.04682349008620755
0.040907974998128004  0.04677487934133991
0.04419415753939529  0.04898590772154914
0.0346732313797495  0.04842579911760541
0.030374869767089824  0.04784553810459647
0.047697166531788904  0.0470797852918731
0.04622195049305015  0.05101335572169038
0.03044332917027548  0.0500011211513018
0.04065466305553612  0.05166586077084837
0.03831274506496544  0.05329760312969889
0.04141597509529775  0.0576282118509005
0.034020790371358384  0.05228893712320769
0.041885451623318595  0.053272408636761345
0.03986949279076966  0.052764193820481343
0.03384414317547401  0.05143588975729358
0.04208184598448106  0.05628968812045928
0.0346707359532257  0.054444853999820894
0.04183408902277065  0.059608490429480056
0.04119258689000869  0.06011903688727116
0.0357457781817386  0.0640062978762115
0.0420896997957668  0.051395562038699105
0.03692866127177722  0.04759985557922375
0.034883707392241156  0.050176808465650334
0.04221329692634308  0.047764193261870105
0.04638365526415864  0.05654749457367834
0.032983064082662106  0.05367868608438254
0.034546796263987975  0.04524184257728618
0.04681544918699334  0.049883953252229045
0.038451932776433675  0.05125912436011925
0.03512945283617589  0.05043950380670584
0.0468644966273015  0.058770118651672795
0.03550195019216877  0.0602350798321182
0.034506939877373355  0.05730727787612593
0.05093915726804265  0.051804002482305336
0.02555574768264988  0.05104093702618839
0.04453146184559601  0.04925662389828758
0.03205436856287129  0.05053835726272762
0.049123786099296865  0.05370483391882438
0.034835977458352055  0.04818273235271949
0.04094037353034931  0.05102192019658736
0.04561450137618657  0.051451066143656195
0.032426599776524775  0.05123664049906219
0.04177728536853332  0.0475338491037402
0.040857564793185114  0.05170278637218633
0.041547575104469346  0.051277888119489745
0.041374104889033515  0.05099217833271036
0.03695366271651958  0.052189486242591863
0.03862279530176201  0.051275025824192105
0.04037111483390058  0.05394118399460386
0.04568308165422406  0.05361867511551884
0.03756789767996323  0.05486509640656332
0.03773298935502407  0.05273012711229956
0.04383671851475529  0.0568984385354273
0.03697638732725302  0.050818502896255904
0.03656440389824242  0.050371552100308546
0.03709894214181841  0.053768053572851957
0.043401442644274334  0.047679473422635565
0.032784979991071224  0.05362439163761341
0.04531112463739726  0.0487130285401839
0.03831143264664994  0.053539394849275834
0.044111761014577956  0.05191330970017034
0.03259652150274457  0.04550609324347325
0.042194016254715215  0.05215751447686442
0.03989480922878433  0.05788259367452686
0.03427719986815203  0.05846703985524954
0.03473944933347686  0.049809087779933134
0.04591791250762901  0.04697954553779612
0.045016078371126665  0.050988728402035534
0.03670907482947971  0.05325982819572991
0.04311693339683774  0.05212087066098569
0.04213133340797428  0.04873587255572357
0.037388376747043504  0.05934117028568105
0.04135851639512519  0.05775523007056365
0.03358759722095169  0.057952905690577955
0.048172151768889206  0.048664470665361746
0.04133587755690334  0.05093995125367939
0.03732497211028511  0.05272408224348447
0.03449249706900674  0.05429783001499846
0.033463671818601604  0.054046480453297976
0.0356698920159861  0.04679177448944886
0.045807952315498994  0.04467481167051874
0.0335387954705376  0.04813153374221056
0.04899765801210387  0.056277825860910485
0.03222322374693392  0.04884243631910226
0.04161920176180232  0.056530282068539425
0.044688314795206366  0.051404951828053214
0.039067890220328846  0.05116011575991584
0.05520803006737312  0.05504573610156046
0.03799666611427303  0.05391901606395691
0.04416044226085209  0.05407861448700821
0.04094954945096892  0.05770757168465479
0.047446960863671506  0.059939211683378055
0.0368997792978612  0.05303545590585874
0.04868729485127925  0.06201531254147194
0.032688923165597523  0.06508015104043614
0.046073155046319356  0.06529933475559713
0.05209225977042022  0.06370764815760634
0.04186341837525865  0.06210781763494786
0.029767334989812738  0.07501446776367984
0.03130789987635923  0.08399912668082142
0.0011031344922988724  0.09903140226035538
-0.050318671239842176  0.13200338520123467
