0.0  0.0
0.0  0.0
0.0018326564995646587  0.01034380988103948
0.0041347886490450845  0.020045244440069332
0.004560787832570596  0.024101402370128002
0.012264854648289214  0.03126458667811398
0.01708271493236388  0.044814814856057185
0.022669181154867456  0.04573896013769504
0.028375842128560206  0.05421672531252574
0.03108237389738738  0.05244019595797308
0.03546258141284731  0.054039422875343385
0.026621553725436595  0.05855786305291374
0.03966034013632435  0.05433899214247794
0.03779951494207918  0.050115110999776724
0.0414734400049496  0.055014345786002186
0.033806191552824924  0.0596062759750937
0.03277252838934329  0.05718227119992152
0.04840369594286859  0.05336423824465883
0.03408855762469116  0.050702822163112504
0.04381647825677342  0.05522355612584612
0.03713195039189674  0.05178426104171555
0.04226813140738206  0.05791640797903491
0.039395787326396335  0.05532175823976174
0.03613103658447766  0.05407551065791999
0.037180915886766086  0.05015543304958251
0.042438144823952396  0.05800473781992684
0.04021660170055355  0.05278799887127367
0.0407273526813236  0.05486188859516647
0.03643235520756224  0.05434126392095171
0.039882732575617405  0.052780168187355966
0.04202127175101131  0.05838543120431325
0.03703158493435199  0.056791637281004295
0.04741292888360273  0.0558098819030996
0.04259803648398839  0.05109435226187685
0.039195595020860695  0.05780140969484651
0.037440227946025105  0.05508458481024137
0.03244108558607428  0.048233782406113104
0.04467310204416116  0.05302585329924153
0.04626511417145348  0.05072851076586146
0.03309811986928948  0.05557527376510146
0.0384796423276762  0.05762164981142121
0.03989818569748731  0.05594415033418513
0.04652955540923979  0.05630686296310054
0.030728598135592883  0.06016430730217007
0.04724100652527275  0.054201346339177996
0.04314554981864243  0.061215006151961286
0.03849818688094747  0.06100408224110658
0.03513624673087617  0.055237598869386124
0.04374149586167554  0.05309557097418211
0.03623013735658584  0.05669338340195963
0.03511776340439065  0.054313938389966065
0.03862413681968524  0.05816364251644299
0.05155620441815225  0.055057289167727994
0.038378444208698514  0.05515983955986102
0.0380972349291812  0.05798631675565904
0.04385129143909063  0.053497697300755216
0.042070719185777615  0.05345641613882916
0.03788967053377921  0.05489495859180708
0.04055488166432472  0.05785474357712133
0.03402047919874881  0.058338670606475004
0.04327526145479589  0.054181065513728865
0.04765037392778985  0.057656721806192
0.03160922937046187  0.05520651645365077
0.04199645576207955  0.0561587770139662
0.041475873364060056  0.058460014184401214
0.04081337521200579  0.05557077608341105
0.03995704699380745  0.05355666061388619
0.04054837727883298  0.05939345975868014
0.039264015329409666  0.055895570852990774
0.040597534367852024  0.05326501869573549
0.04270112938895193  0.05543594453522324
0.037806561086526774  0.05410673611614847
0.0372216264329302  0.05856863918964576
0.04192815709991345  0.04889723220259212
0.043242693460972245  0.05334178053882985
0.034586817249186  0.051901801210665725
0.04265756731863235  0.04995313847931862
0.0357803999839855  0.05543443562919605
0.04258956915599694  0.05261419573039343
0.04769332389845994  0.05521820330491339
0.039582025331569806  0.0541620579978679
0.046341119344146205  0.05073609601046425
0.02115790593361053  0.0553268522608447
0.0459481463320805  0.054391446730026674
0.045769851869945206  0.0552781485357672
0.03837946060150588  0.05246744606545999
0.040151399892149255  0.050344593637165015
0.039385278363123104  0.05706511094081142
0.040111384138446546  0.0505690259913879
0.03861367099907186  0.05744483689543159
0.04242042406053651  0.0575673623104745
0.03907840484794443  0.0571916880252567
0.04057915691449069  0.06328501133017753
0.04010010721577936  0.055302948873111095
0.03395893241714889  0.059803891459769075
0.044781200732077225  0.060510498119193956
0.03441631534317191  0.06255681467329767
0.03865439138458789  0.061708566518906396
0.04499639547957435  0.06028929363542477
0.04079593287546182  0.05329571043416761
0.04015042837534537  0.0612629798161194
0.03996394770795666  0.05157300478298865
0.035603548085887914  0.049100790314243706
0.04209009147914814  0.05334348677681197
0.04279974316202012  0.06257298553727066
0.03967793361401533  0.058087765676022494
0.03831199830118798  0.06069587095648509
0.03982987634725254  0.0534651582979834
0.041380164844097816  0.056614866034114766
0.03850891135317888  0.05886690089629681
0.03574947681724252  0.05621671669546841
0.04670370666403308  0.05597863439712128
0.03767572227996275  0.05905786099709224
0.039225679596150545  0.06263007699768687
0.040677947823050904  0.05698620179139412
0.03966919823668832  0.05280665526581728
0.03887509062751906  0.06099335700835528
0.034761726476492824  0.05847268008881184
0.04212514475252887  0.05743775802546644
0.04488937298540826  0.05998129138489438
0.03663303289212968  0.057178905369321804
0.03522524029144685  0.05493930860909614
0.038937588014790005  0.058420478431580804
0.03777256925625534  0.06318165180214316
0.044313780670680876  0.05833381929389649
0.03769594654609844  0.05454242996708878
0.048207397040955446  0.05683913437325579
0.03216826428435095  0.060267429013714284
0.03972538792015641  0.053968530907456604
0.031674234017872206  0.06484904021458021
0.0414427371195676  0.07059719044920797
0.028023711902849614  0.07042398631348959
0.02931864591354897  0.07234633858828236
0.01579614686493288  0.07147075738701102
-0.010166657100230094  0.0805234794048763
-0.014143908336693012  0.0742202364666659
-0.013177216094465488  0.04984886969263762
-0.0033840432447505677  0.021298398115651065
0.0011672629813972563  0.007740034687666144
