0.0015042863265147589  0.008970376685687695
0.003393521526338799  0.015612854128080646
0.007214956297479176  0.025165845360354235
0.01770311667671485  0.03432072996132487
0.02064981068398357  0.04517481122138234
0.022517757517810776  0.050231858032914634
0.02630515133716977  0.05011200977330963
0.03203490325964949  0.0499701982109199
0.032258473755874005  0.05582325273469958
0.032972411615210175  0.05838514478230431
0.03147748102885365  0.05201620796878331
0.038198382080641365  0.053828211231057736
0.02667272313762188  0.05520415585887162
0.03367312276443  0.05518332195656263
0.038215053130941486  0.055978598937566994
0.037571520985597344  0.04989176985352932
0.033906237311923326  0.05586773942398094
0.040585913600483435  0.05442585934228169
0.03577445572450195  0.04890638111580051
0.03696870858128726  0.051806467807126964
0.03487819543422354  0.049789343971303766
0.04247404131574989  0.049216190287004094
0.036748571832026344  0.056616056186981525
0.033967286617221176  0.05451897455754458
0.039579761877892035  0.05071535939316641
0.034973437169054516  0.050360614472201984
0.032968914925447894  0.05400395643174102
0.051515320672046505  0.05215223782077165
0.038264292232945744  0.059485062852026184
0.03663723536602797  0.05064799831166859
0.038046612269864055  0.05604656024759644
0.039282526087628354  0.059108254617293216
0.03550140213882011  0.058506710987763506
0.038212329192032775  0.05333089848270889
0.03639445619914349  0.05448784885013799
0.03987799678572656  0.05526125210731404
0.03802228122579151  0.0568347739043072
0.040590444614461124  0.05397538178528601
0.035993626337816484  0.050629514759154344
0.041909251665642584  0.04849153326576154
0.03983132143854325  0.05833320724918342
0.03643422253891872  0.05571394662893807
0.038328398986317805  0.05438926877313808
0.0444060225587575  0.05579613858699168
0.03736981536466982  0.0535066225576661
0.04415787689428959  0.053358967567631144
0.035002800687876805  0.053466299743797734
0.03697482544507124  0.05315342970800427
0.03448071859753365  0.05455212065865435
0.04364685794815225  0.05820426419088221
0.04161105250696368  0.06172029064562151
0.039167926698545075  0.05403936043031559
0.04291968519268434  0.0568267636793299
0.0359010787186813  0.05519355998443531
0.03033409027416169  0.05639489492768182
0.04089060873325998  0.049803038483335116
0.05189188921763278  0.05497420024539295
0.02603828963617867  0.05636200847414003
0.0392903026526005  0.05153049250880788
0.04197771371449298  0.055351441870605374
0.032913291843681414  0.049891146410590434
0.03948438994950206  0.0557323904112276
0.04355499372850668  0.05309280966656701
0.033937808030668  0.053654390071159845
0.04858519894767788  0.05652694996303184
0.03664208043795933  0.059073878463277454
0.040190624882487085  0.05325747417152658
0.04241042036755807  0.05651729340151442
0.03984152964886684  0.052079070738697934
0.034354213647994326  0.053818625731742176
0.04246511954552812  0.05394908465257542
0.0432262753617794  0.057445320843249284
0.03404208092503802  0.05625909752503561
0.04249649840739185  0.05772042258624701
0.0313115738048693  0.054835047853498194
0.04059428705268936  0.050557298485169065
0.038465197952393525  0.05389474287738411
0.03657360700700248  0.05576286790517889
0.04204261403273573  0.05263947730583243
0.032420967410313445  0.047466178118492845
0.04270071755160354  0.049075022221516815
0.03899250610320171  0.05021198806620728
0.039774673034906866  0.05471271692148988
0.04394902278652422  0.05195079821328811
0.03129825861162388  0.05806120566284754
0.04197888774126977  0.04988894366239766
0.0391169399428343  0.05124233063993512
0.04476798980167669  0.05399813680780367
0.0356101835731167  0.05589655445043422
0.03762041911751898  0.05324504056018916
0.041771655391470555  0.05756730573253744
0.03551597843760668  0.05199676366309843
0.044097787975843676  0.05483802548806367
0.030074065596688283  0.058904576657025316
0.03963509253036172  0.054740354736932166
0.03625440195575637  0.06308565774323725
0.038614173626318665  0.053553395992230635
0.04667998541970503  0.05356426736823309
0.032981399512819046  0.0508992526387709
0.0362839574727782  0.055609393058612094
0.04003022271773636  0.05702296623835787
0.037247450832191546  0.05414356185485635
0.04336613744722384  0.05021049601653238
0.03665673915141006  0.05433675043878388
0.0383040023167602  0.05428997020874871
0.03995332443801539  0.052236556815126386
0.043383865995685715  0.056415586987539325
0.034983732069705314  0.05905494790646585
0.04218367198792174  0.06153287269021874
0.035012951443473564  0.05517804602881526
0.04227778682616241  0.05301207307389496
0.03572490266888503  0.0536026991429566
0.038518963249426  0.05438119685498927
0.04271707523899223  0.0547094295591724
0.040537028767021144  0.05526202875783923
0.04204865863582933  0.0533474631784693
0.03578735204299203  0.05275123777959864
0.039549523623549375  0.048965925809395
0.0342674268109207  0.0480427403164548
0.03965211334732157  0.05412056609867953
0.04338412357479176  0.052774530567934255
0.03634863055296177  0.05922764367287032
0.04472391702195635  0.053735431985069325
0.04065245155155954  0.05579334646243863
0.041183714824260205  0.05552171965402436
0.04147052215991477  0.05296614658823286
0.03988997420702711  0.05672657381707459
0.04377031743007088  0.06412705288734168
0.03600564465795942  0.05741744021527217
0.04122923191899662  0.06176300127586716
0.04237410755968815  0.06125865147868293
0.04054161192515504  0.06065084913159067
0.047793158422712013  0.05803527933416276
0.03273901658233378  0.07408243384931236
0.02730523682343509  0.07679479070116559
0.01860664210525811  0.07497867354303957
-0.0044320280915233845  0.09568007271296683
-0.04096145139391753  0.08797140493937647
-0.04036545914445026  0.08312332318863432
