0.00854056987887244  0.02779045528108873
0.01417800686944168  0.03480732438776104
0.020231205517533823  0.04311008857690933
0.01991756457966712  0.03977934896547052
0.03942878953824356  0.04748917335290896
0.023822450836513197  0.050092711403607965
0.023481686312533986  0.05122081220231972
0.030219955513106987  0.04294584165130098
0.028624047098657828  0.04848523696220773
0.028893663293835897  0.050131401696713714
0.03314049852932957  0.05532862547993252
0.022600744657931632  0.049043110093896634
0.032073256649123305  0.05227773660833394
0.026702270855700216  0.051438801419866766
0.029977769555566434  0.05454413544153509
0.02575765903909584  0.049457368529695296
0.03914532548888714  0.049997672294084236
0.029934253737398202  0.060396172077602284
0.027020039826299053  0.05094838595963233
0.034204012931674514  0.051242983063227686
0.040821353016508  0.04922629119970247
0.02424104006768526  0.04844374835267792
0.034668635334904656  0.0510103247462972
0.03455702647732162  0.051846218521608665
0.03679098050940097  0.05810930480830964
0.03703343540451357  0.054404337878569076
0.03703054548256574  0.05419060651496231
0.0258284055176475  0.052985028520814305
0.039927256138001875  0.050690276306253716
0.04038794190763394  0.04965007824589747
0.025721742897933365  0.054927896954464435
0.042529941046533876  0.051499659683072053
0.04329700055564854  0.048062331357402246
0.030334536755956768  0.046221261299968
0.03794988256365934  0.04457865469676897
0.04145984567595439  0.05226678441531887
0.03851302278285618  0.054316507685688166
0.03252755206461976  0.04715001320685574
0.0373493236946787  0.0450417409652654
0.039987356158992314  0.05296794626066018
0.044363001066054064  0.05496432603849974
0.03399355207789924  0.05417200037860887
0.040699414979672145  0.0533608564517212
0.03929193764042245  0.04745874106130544
0.04149112349007591  0.05080349217728616
0.04310576799166841  0.05078683323944237
0.04026876905946286  0.056751029541951915
0.026429617251254384  0.05198235019933806
0.04827042083420616  0.05209504503526955
0.038404701531206065  0.05004672731107073
0.04103130927564996  0.05271411418727153
0.04009041788416101  0.04984216262347497
0.03791738860315435  0.05172878822195484
0.033069110387845144  0.05046824060540483
0.04110546542459769  0.04774027763163503
0.043287637622761936  0.049888841771196776
0.04206701273951162  0.04951462552846356
0.04281479653475428  0.04843987466884811
0.03881206564446014  0.049736810183468344
0.03908528125188352  0.055363404890630505
0.043667418540404665  0.0490791168938627
0.03607424789118099  0.05653620949828322
0.03625997551537639  0.04937244392957498
0.039929630377114694  0.048108455536530294
0.044550821449250474  0.05200190103986107
0.037959873501798046  0.04811081255528796
0.04232650457267162  0.058302909209907626
0.035921331550261094  0.050507693006526334
0.037399024409311414  0.04818844880354756
0.04350546004187986  0.046051157393037126
0.0358899943540379  0.050740520766102526
0.038445619482186985  0.05071616902816656
0.044925086811480885  0.046594489851724874
0.03324850708859908  0.043511909651825595
0.04485971168313606  0.04421099789557135
0.040112212108902486  0.04713101233369331
0.04343226499734694  0.04697062857191633
0.033450817635448694  0.04834584258017018
0.0403503131711558  0.05122779106433291
0.04395940892343088  0.048036422791067714
0.04275130831670481  0.05257894393928006
0.039046667431623376  0.0528268448228787
0.036535112514059144  0.045010191893128666
0.04147973201137037  0.05190121434987561
0.036251056137382165  0.046716187436310716
0.047963365079876336  0.056243756108778666
0.03454030727388403  0.058353920570942124
0.0352341032800794  0.045422826190587656
0.041397119822211136  0.05002357941270317
0.042534923261073755  0.05062897200502997
0.03619036544471792  0.0490840450382537
0.044811776610157825  0.04840476773915038
0.03831091612930879  0.0515372352258389
0.03734433181413647  0.0550116401105953
0.04063430332529139  0.05591659091983212
0.0430141767583435  0.05302892163771821
0.03946396010481878  0.04712704194455085
0.040928788439792134  0.05337736439018203
0.03646967857308709  0.05809183628515487
0.038581454040442255  0.053859194286889234
0.04431745559057257  0.0526974765806006
0.03299382738609084  0.044964609753782206
0.0433387687705801  0.0463533881443123
0.04686012525347502  0.048129535387178644
0.03999596194569762  0.04824450037127816
0.049602160305692686  0.05803623144654072
0.03393684864765585  0.05727134648521291
0.04271646810943548  0.048415500376961816
0.041213543204507104  0.051302570696146535
0.04386034094306287  0.057181575601735354
0.026626086892790304  0.04887228891530645
0.038123120215263866  0.048415247122705125
0.03757021982704863  0.043543672887047156
0.039693143735915065  0.05105696158000344
0.0364157559254016  0.049262097345144036
0.0354479824383311  0.049787261189211396
0.042218687586954094  0.04515473715817338
0.03797873373588237  0.04598127404417392
0.03916855591234499  0.046073089617438195
0.03722989129267371  0.04705463665764412
0.048084150569518806  0.04845134915216696
0.044906299235908394  0.046548406352922574
0.03690216584304342  0.05893281450371005
0.043723026054110214  0.05145946901918571
0.04575920372911123  0.057614294807921365
0.039455017067035886  0.05352608327963255
0.04746018221784829  0.05366628987001342
0.043904209722818915  0.058574042226603826
0.04136666824573429  0.05023948737938586
0.04923708474476984  0.052278159102289445
0.04785590963779328  0.056566475134405395
0.040296102920071034  0.056561520134135054
0.04824211161044216  0.06194532125280229
0.0438346763013849  0.06294184949851955
0.05066362145810921  0.06766532295597831
0.04047861854127598  0.06691956292375299
0.04042448969661239  0.06884112200895018
0.023712138024541935  0.07085524458383338
0.01468542304610931  0.09674557324693506
