0.0  0.0
0.0  0.0
0.0  0.0
0.0  0.0
0.0  0.0
0.0  0.0
0.0  0.0
0.0  0.0
0.0  0.0
0.0  0.0
0.0007679087612135442  0.00639043567513422
0.001662971800064485  0.008531831408816633
0.003344299456531395  0.019121386015535542
0.006832151750598569  0.025626825947086453
0.015618281702816197  0.03442212991398664
0.01692689461632201  0.042770987421364044
0.03126619291313911  0.06154679602762012
0.025582502655695512  0.06071447345787026
0.029503918267736923  0.0575175608428716
0.04327834837756741  0.061330430735914813
0.027127738533534805  0.06474526034030074
0.037747554887237966  0.07258651932825684
0.04771480891395975  0.06447700592145392
0.0340778486562002  0.06642100405096715
0.053993390610066215  0.060020199489558314
0.03782558825272346  0.062278287716946386
0.052895708547193616  0.056673607296573586
0.036355845343127025  0.062146702038580234
0.047328142118927406  0.06168532509698301
0.04598970627957852  0.05777583996949844
0.050656506888334264  0.0564390863188267
0.04859312512641872  0.060565016711566055
0.042109694042438355  0.05255006633235194
0.05069349246582403  0.055106982663412865
0.04961904710721243  0.06296060430453192
0.043252230826245415  0.054085997785060395
0.049888943302554584  0.0549143016466608
0.04019079519329766  0.05673038437377452
0.05884685199553329  0.054566167273611535
0.0421215269083942  0.06386461452110363
0.0460656807936495  0.06356733697598824
0.04677098499152544  0.058740872286679596
0.045413371323220084  0.05781459531061195
0.04762479263014138  0.06150276536063559
0.052284147305729944  0.06325148470209195
0.04485504155684485  0.05824361580546367
0.049725783310025834  0.05811336487336861
0.04828585124431001  0.06329383346832401
0.04183996039737053  0.06095595921076149
0.05433174293701433  0.053577664710605835
0.03665133256574907  0.056047764990977494
0.05460187272424443  0.05829564716896655
0.05112241165828869  0.05821044006669055
0.04228852331826987  0.06456529769623803
0.038649345646755255  0.06163184584146169
0.05433736666229096  0.06015446495625172
0.04903492719201507  0.06463429677915251
0.04958402472250444  0.0527258936362468
0.043176001918105264  0.05666896118564994
0.053828968448058484  0.06336664988974831
0.04667566258975157  0.0652435659671853
0.047338710902191265  0.05683033984330916
0.045492315019661764  0.06563846471487143
0.04904559927781459  0.06029062157364111
0.04321759389119417  0.05001464719648868
0.05548341736060466  0.05949248603772849
0.0442191266677327  0.05708204224266187
0.052206938094818904  0.06107378611825946
0.04892466807557568  0.057552223143724504
0.050571808493945616  0.0600581637949803
0.043544792480337144  0.056404020903003456
0.04528118203089263  0.05796484762344097
0.049748623550440095  0.05532708986427149
0.05097421458773502  0.056193442900171975
0.0499860067460912  0.055735559947912836
0.043516149659751625  0.05929804229734057
0.04803003962460339  0.0580806549535609
0.047611706213897015  0.05936600508830038
0.0462846223342862  0.05480724540618785
0.05519061597783493  0.05610830676868488
0.04728857975013756  0.05475931056229358
0.049209962730724865  0.05725965096251965
0.04387608779357837  0.06047746745669178
0.05001644136123536  0.060658191926815895
0.04783607243819861  0.06204045082096201
0.041979490832109605  0.06078412380169154
0.05862659539254443  0.055065798793906995
0.042502928734818486  0.057780798052259615
0.0483015109124946  0.05414032610711744
0.04645207721966652  0.056649424706909535
0.052055969723007536  0.05954310582870098
0.037620817310198174  0.06312277301793234
0.05826541528454742  0.05925317167945675
0.04409770151132738  0.05473613467350977
0.046740731973435944  0.06064502570220197
0.04516333751229562  0.058873332647387214
0.05294420704185004  0.05469892333688161
0.041907930872467455  0.057324441489996394
0.055132818850890435  0.060608617886511965
0.045513005904518886  0.06133342299863232
0.04594835488284258  0.06465489642273715
0.04487361299361805  0.05599888813385569
0.05010473345174348  0.06523657093883829
0.03848953450537015  0.05734945940237535
0.0565180765803826  0.057355942933646126
0.04155809647736118  0.061489869823493394
0.04967098436945316  0.06109084670733743
0.046139805799656514  0.06431881740391525
0.036838133149580385  0.06145353635016072
0.05274037718783251  0.05522937984305119
0.04092983521546787  0.0645244304402591
0.04684007332258773  0.06664242877880296
0.04911848350399828  0.05983362611867888
0.040033020387961915  0.06603563258097238
0.040736170104931205  0.06303800020741489
0.03542934014362122  0.05909137014188693
0.03954045944812694  0.06220075919035281
0.044791596913332746  0.058142654714232966
0.04232075972399217  0.06668317303589427
0.030293427263583222  0.06808499463991323
0.024691882053690852  0.05710276005084481
0.04008709956312295  0.06070425657689606
0.016727997202471177  0.0671682745442351
0.024970245259866568  0.06148044654379772
0.008495068148600451  0.048738492161072115
0.0013258376539323619  0.03621118073912533
0.008536232666065211  0.032244744368762034
0.008831524076189558  0.028067448498664452
0.0009248637056810274  0.018095767651296713
0.0017671502289707882  0.010723700352989526
0.002792984477123772  0.010736410696640957
0.0009709255144413438  0.006271989385130588
2.506456312342412e-11  1.008278856266835e-09
3.049896843013552e-12  1.0214369858659622e-09
-7.59926724721741e-11  1.208325805185303e-09
1.161547493109895e-10  1.0215603306192344e-09
-6.273275232615561e-11  9.127907402078501e-10
6.133286577027418e-11  1.1743667164190797e-09
2.77496501967432e-11  9.114174977529007e-10
