-0.12591806556602766  0.3997215322601352
-0.03374647763460363  0.20452526412644795
-0.06456775673080176  0.31365014621853426
0.012388438094289835  0.03650125365604408
0.004746505689172782  0.12516121011303658
0.012652442596167943  0.03697743887758129
0.020758347859882353  0.03860461682919423
0.01628001539164923  0.04152895644614706
0.014757527632069807  0.04621686413279494
0.013761178934970135  0.04846094044895508
0.020093205234923195  0.04430871130436241
0.014948112337305815  0.05171213451327459
0.02045592437123173  0.03912415215318953
0.012708883660341765  0.03779196209613514
0.01784703098730472  0.04178460105117117
0.022192274560626352  0.03830484346333858
0.014767058306971635  0.036801069037622654
0.014115091284322352  0.03887826783747238
0.028407652449133167  0.04421798423143844
0.01590017899165431  0.05103089488157908
0.023861439328975304  0.044438346671247804
0.014250114386626822  0.05154328684045893
0.018180787982733915  0.057997182764244516
0.014809258567307743  0.04256209434858835
0.01044253156200262  0.07053013784073824
0.017438728625690146  0.05977460127344103
0.015795967678045315  0.04426133884032652
0.021218894222391742  0.04551429744568567
0.023324447824009872  0.049292027235399445
0.012741658832690152  0.05626050384426295
0.024586838905895223  0.047514313577413834
0.016397578913909975  0.06863500543712929
0.020047699636467308  0.05449871249568827
0.0285150317181499  0.04546881111696834
0.015768157367747088  0.049489775607235914
0.015037941030904469  0.06559458298609665
0.02403106418581059  0.05394628637399972
0.025130946325999146  0.05220396017063377
0.03156366845595322  0.05379774541662948
0.027816706596457085  0.06174268002971679
0.015437023667095828  0.07792131059126292
0.029043545396680095  0.06646431483500814
0.02648830641566626  0.06243891274105715
0.02793346804273614  0.07161007151650446
0.040780543877390725  0.06410073771460313
0.02666855424690183  0.07058073590052182
0.02738805944073021  0.07903815439479608
0.03930233277457206  0.06264096194038841
0.06401705034634335  0.06762846930775099
-0.16470689711949585  0.3010908908360022
0.06886752980129376  0.06448537240893702
0.03987563517264285  0.056587037090327086
0.02893669048654132  0.06130797992992844
0.022001866356433978  0.07402868043173239
0.03296576473836162  0.06068066529245507
0.034020399321012945  0.05677540828588369
0.013356667170415362  0.060148092600484634
0.017251175187145047  0.07065531564856099
0.029819496702454287  0.06902905804958442
0.027847945345258123  0.05559550828265044
0.027491764663120977  0.0547773475754786
0.01647962937083298  0.06130668397746665
0.03138171969121459  0.05090283190123409
0.012692659869058489  0.04834837883098331
0.022061985796631135  0.046140327145538826
0.022620391076385627  0.04717317418526458
0.02014281067943178  0.06003092081449461
0.006784407149273064  0.0694905022304104
0.031096777523033543  0.055943643207707706
0.019602259794274688  0.06065286461092638
0.015999690406847747  0.05684050478153896
0.027634740535496576  0.05720824172827617
0.013184742692004245  0.045925352849243664
0.015910458856574477  0.07976253137389563
0.02272226788147486  0.07589237336775424
0.018570530868165278  0.04636786358500888
0.01802448532004664  0.04223536825461693
0.01563026592265915  0.04513409071433832
0.029492200754272488  0.04656296695663029
0.007505221839046905  0.05277929457638092
0.021183960865484415  0.053205055230887456
0.013565361990758711  0.043543035546237036
0.0182007368271376  0.04281901002405633
0.01254544036866717  0.03750394189546887
0.023480558708491445  0.03678218044502258
0.012949129166642143  0.03820283958236145
0.02706462973602499  0.041025930907552126
0.010533654052821655  0.05250914443050724
0.02116790846409443  0.04611270056962628
0.00996183806818445  0.05130119804750869
0.029791622800740228  0.045526587635178646
0.01538049839609359  0.043997108799271475
0.019928370330329414  0.044518805897477844
0.01739941607096992  0.04722473205402524
0.0191555176521712  0.043611080985689284
0.001311493272961548  0.13356064457185182
-0.00792059880679743  0.23559761191549156
-0.041757970433944226  0.2219982410666504
-0.1261576042775065  0.4124239154488041
