-0.013562140446190606  0.17791433488449793
-0.02203340459206187  0.15773969967489085
0.003973202866846322  0.10203367691398209
0.0076756527638773605  0.02358920188708146
0.010305892623595003  0.031022291205565
0.005163627901066499  0.029197353108847725
0.01247115831523299  0.025287287640641275
0.007948841912766201  0.029742997275111264
0.011392339246447643  0.0282023374519982
-0.0017677094714081986  0.044454841484562406
0.010904374428108076  0.04491601775578596
0.002213420711597225  0.04281786646565063
0.014020889049358729  0.025484337981373277
0.006070527595614177  0.02374831621257164
0.005495520717197114  0.0345519956018389
0.009966405926531322  0.03096725345873692
0.013279327162445429  0.03157901241633984
0.008409233833884984  0.030119017080325217
0.017021690641604695  0.04153243134761917
-0.0021555080975630327  0.053157549538108355
0.01910724501149217  0.045794077809062125
-0.005084212153758725  0.06419672767401031
0.009851083464951999  0.0351636808105026
0.017359023060649688  0.04465235226037402
-0.0077738523265266715  0.0789188487935305
0.011994187328893369  0.05542625440480623
0.01016941167025562  0.03741835489787317
0.013110943019727306  0.03683361044244706
0.012619749149059839  0.042528170007787344
0.005309164878239164  0.05580885745914237
0.016093851113784162  0.052166162173002927
-0.005578547974788304  0.09406814917876691
0.011207650010578543  0.05030898359397162
0.01767240144306429  0.04161535082042863
0.014857685695415577  0.04521506358541148
0.012697460038721787  0.053023814187988356
0.017745600603288593  0.05128482013651871
0.013627260456630368  0.0664038176377779
0.02441750318906628  0.053077518722142655
0.03137056738959417  0.059338462588457166
0.010336115510080068  0.09957077391095662
0.024263047334454963  0.08717814800286651
0.01929473099931131  0.06575475863643694
0.03689405376748141  0.07468815344138248
0.03430490816690989  0.07598467066983226
0.026888193484028086  0.08574985677891836
0.01701642757404559  0.09107406964942814
0.03993872722119622  0.06423062125656942
0.07394125208310337  0.06574711488397107
-0.21618170964121128  0.3006097170438722
0.07370092720577559  0.07151874014320739
0.046691421596842184  0.05869226386448298
0.023299017871964603  0.0584920155616225
0.009735722081402618  0.07497471185565804
0.03565613951225503  0.05672137109462116
0.02321757702855662  0.046135584257364144
0.025185656338429226  0.05163930217493835
0.007413951658840539  0.07927450874109705
0.011667029214335068  0.09529821485014738
0.02220019069036654  0.0557664354379496
0.02641562118825901  0.05038230491714574
0.007493465260259758  0.06032572045149472
0.017455199569898047  0.04824961431623446
0.013485008466118666  0.04572142440381491
0.023795173117917266  0.04088530528978747
0.010071842438844509  0.04666656568863289
0.01703343653296989  0.05092392358053055
-0.010732319821940341  0.09014885499296506
0.015834116025771297  0.06020370465671349
0.007593966588740921  0.05019473741968265
0.015099688926001142  0.048413096071339784
0.012547084222678372  0.040060213823730054
0.007290671009549774  0.056284999570542775
0.0038437757694958965  0.0893395605383714
0.013183114857597114  0.07689074901988914
0.01705093906989802  0.04701595072700485
0.0058304440451175735  0.05669172027727598
0.007945709791717423  0.0700633260203961
0.013516942162384889  0.05486845106386198
-7.694897928031574e-05  0.04292073382441891
0.015306359718143803  0.04727100248876066
0.00804485873381892  0.03447209551215426
0.010313004288415114  0.043069443806148876
0.0019805192783603352  0.040064550021700354
0.013789725819883787  0.036157680452586084
0.004100180415603018  0.028116849725547666
0.019059983450107544  0.031474962675659995
-0.005816437389663871  0.06359464250968924
0.019933145636110487  0.04889750873238995
-0.004463246646585788  0.06008290213781052
0.021603036919714828  0.030766579748007974
0.0008256534981159125  0.051711705520854384
0.015289943931593313  0.03365092653254902
0.003192562974437183  0.030117528283837347
0.021141455489950816  0.0391056242012901
-0.005777277712654429  0.045753159005701254
0.02401508696759927  0.03366795254418261
-0.01361122317909371  0.11718043299348253
-0.024751418791905237  0.23184730524470795
