0.010427640819268676  0.08140871018142666
-0.013105020284662766  0.11541384663519731
0.01544484970037613  0.017478569078434578
0.005709416885514505  0.022242589013440575
0.008923320559966435  0.024722165136123315
0.0017572666991059326  0.02011047734727319
0.013469328333256673  0.02157704952290618
0.0037589429688044884  0.02225492431855122
0.013041434294864348  0.026519182652400355
-0.00338722649244684  0.04334891009187485
0.010248821214807035  0.04219640659838694
-0.0029291817854958514  0.03847929892806473
0.013646188393145069  0.021168626714582753
0.004226527942839695  0.023129227083645114
0.005894151458817292  0.033532092311535186
0.004956200671380313  0.02695326523248922
0.013751811968025489  0.02436451786828751
0.0048029857262798185  0.027720845913036963
0.017377090989086845  0.040846364881193746
-0.005374615239156602  0.05515821528447379
0.014215383727646951  0.04354460737979321
-0.004229400730538679  0.06439758812492904
0.011788537497015406  0.033423247565597926
0.01608242619795056  0.04449233495099973
-0.011483897174534215  0.08199061172385237
0.0007982025936238468  0.06872825187647315
0.011057484072911752  0.03366584600699699
0.008714211811136106  0.03333725321688059
0.019310877382022303  0.03825562195132285
-0.0014197122203993206  0.05504839830056055
0.013524755180258951  0.048137533252600166
-0.011802888068199797  0.09132729647697803
0.01440757116590861  0.0377366840856956
0.014676426959298139  0.0413400064923887
0.01681287657493792  0.0434029006322562
0.013576229962314067  0.04594543471593934
0.016723725851246266  0.05806062269500405
0.009799407993979506  0.0697873757196629
0.025945113907056637  0.050032369307421914
0.02476389654604151  0.06223107590332223
0.013135146695894257  0.09893238096830254
0.022028953855359804  0.08390583130505888
0.025406537266930537  0.06393487373769403
0.03573589810275591  0.07353803713011353
0.032074807753799804  0.07271525106947435
0.01837429087122673  0.08781193895274408
0.02471553611951124  0.08622060072096799
0.046635792419532834  0.06914387264114788
0.06605819884344138  0.06791588712718112
-0.21962422170224227  0.3009808898937312
0.07672706807060169  0.07414590388541768
0.044674868555070545  0.06326593115554657
0.01988425632491748  0.05130409902614926
0.0057031035930819795  0.07564387669703679
0.03926161923336607  0.05656047526031528
0.024920462541205547  0.044276657484334715
0.023745126717198643  0.04569666548643071
0.016144501658952495  0.07674437474292368
-0.007519542154012009  0.10525183119695103
0.026915166745176383  0.057944696405613394
0.022762431635234583  0.0431409894554795
0.008658761143401634  0.06123947853061392
0.017818053358076725  0.049326291024088816
0.013604618570988783  0.04371159610288063
0.016816036555061177  0.04144390956090579
0.012537880562744458  0.042711925034308255
0.01646916700842659  0.0450047826202195
-0.006803883283695591  0.08177053571226604
0.01537288517746312  0.0593335475261141
0.006500944887281288  0.05293388844890837
0.008615396117882718  0.0415376814214971
0.006880691014304252  0.044599610477869575
0.01408195018332264  0.029591806228110827
-0.02253311714081885  0.1033709734319853
0.000692063524622486  0.10580377021936906
0.020871982455790673  0.054310586587744715
0.014624313649536378  0.047103673183145685
0.006072700487325342  0.06582054837267252
0.012454026205352187  0.04204211252189016
0.006646125848857043  0.05485682141096439
0.01717301248307961  0.03215079532511806
0.007108309137808897  0.03007128064691093
0.0029024734874859813  0.05145460215569345
0.0031203903393829413  0.03531876982382202
0.012139774455057364  0.03235136972977129
0.007262453060710467  0.029871199272296874
0.01492396381820341  0.028019854068708248
-0.008275433050755277  0.05156993371997865
0.017427728641594153  0.04926860483886196
-0.004499066552263984  0.04869294651911659
0.014549640921780977  0.02979926088425135
0.003391939695924686  0.03641928461045918
0.01569719180422392  0.02875514350853096
-0.0027710934821613686  0.04031096313660256
0.017939175106213786  0.03487854899664736
-0.004890744709467268  0.03605910974147542
0.02374139647239395  0.026775571694740027
-0.015566495363266441  0.11535133139373406
0.013171421293226222  0.08413421487192765
