-0.2188536624455795  0.5270752425649321
-0.07870443807066556  0.38543207444085614
-0.04754648336906573  0.3106601308465451
-0.005022246070676322  0.23099890680536922
0.008169743096325548  0.14067421100812127
0.03021430468469426  0.05275225870955691
0.03801237924075898  0.05286397748953571
0.025741637366353213  0.05941698450137562
0.038056730278657525  0.05955323583849516
0.03088631236599082  0.049935125904375495
0.030043225695613466  0.048482113332097884
0.037745090003238634  0.050275535953352476
0.028162301376947668  0.05699759255809882
0.03953240498833755  0.050576975570721314
0.03760532669482508  0.05843376439852395
0.028658723377458714  0.0531635622457266
0.035587189027026477  0.04574145227354278
0.024929249970598456  0.0501297252169193
0.039370557832069775  0.052941724163984044
0.03445868618215616  0.05481256700285414
0.03523958222353495  0.05855487690765269
0.035718455050781646  0.0512505098146996
0.030143802898653645  0.052569527078667425
0.03704276922482992  0.04665707032420697
0.027557204014865208  0.07755480805153665
0.045688546555591604  0.05134867984520115
0.030195800875815807  0.05126270995764725
0.03379756918832212  0.053860330687821305
0.032040249194851184  0.05443567471786875
0.02726967045266403  0.057641574031271216
0.046246786883305864  0.05514704970975921
0.03373272609083036  0.058899075851641614
0.033109841415932866  0.06264331074411375
0.0421975813552129  0.0636710819567518
0.027932197770276283  0.06320118503138353
0.03231330830630116  0.04863031655975671
0.03309751796134231  0.05375791454215665
0.03685951316268379  0.0579299250980631
0.04476905753505843  0.05914955639478136
0.028410863739652816  0.06099501370107576
0.04352334205808614  0.06173710767567744
0.030473552411654142  0.0641306560673017
0.03732989986302627  0.056699168732696884
0.03301375354701736  0.05204979471308807
0.04249175530406613  0.06603776551989521
0.04690322016081666  0.06328699424884027
0.036012651477152303  0.061500634501372387
0.03611705292897505  0.05591009653409634
0.06470010109719086  0.0595717593699197
-0.07655720282894024  0.26858849083606107
0.06184235572010052  0.065139200077628
0.04272267168109169  0.06034732183459877
0.04229670290308874  0.06193192047260516
0.02874599308768365  0.0562139364112291
0.039073574776498074  0.06491932006378949
0.03407027977552083  0.05689632205206066
0.03682992825893188  0.06047158740496439
0.03306666731749371  0.06727410640308053
0.03797445713388402  0.06056884596550854
0.03705498150815764  0.04872430835549858
0.042129703544773855  0.05525731495697757
0.04066136718092957  0.061147114372525097
0.032224447479741763  0.06048633393271336
0.03526126087321461  0.0554770617383982
0.03497310343501769  0.05231095279149092
0.03383301356967542  0.05377204729876325
0.03864634948547842  0.06028343077877419
0.027013437748808905  0.05938801414686529
0.051441490002019086  0.055063496216210935
0.018035884450273234  0.06735802711777644
0.0421507888700102  0.06260514375522831
0.03865605744448595  0.055181898325612606
0.03742740082172388  0.05435986435068278
0.03007178218360075  0.04813488884512471
0.028418365736833748  0.07918722475413215
0.032356139843242954  0.05322932194811287
0.04009395225687412  0.05717903374953717
0.037114580747267076  0.05407710171717308
0.02742099277945713  0.05184692279896527
0.031680668996476764  0.06178338412072006
0.03899035874822476  0.0647595055073591
0.027622665069369026  0.056398640001370445
0.03790305940681464  0.0542494974345942
0.03426404358386643  0.05168965093750484
0.03166547955780169  0.053433631685366745
0.03700440102994895  0.059610499972260755
0.0287891414613539  0.052749628937039925
0.037761112601102084  0.05160843229218649
0.04152671918670432  0.05154857992073308
0.029017483046401126  0.061396387060802665
0.03223381039992077  0.05413275385653044
0.03303146475197909  0.04716079654370213
0.021404541607152404  0.1531158457622951
0.03463541884427144  0.058401635538184685
0.005122420634585439  0.20193125769724965
0.028390550374857673  0.05954312774015341
-0.013143067145855615  0.25338099740609965
-0.07013097974537663  0.3599123382426535
-0.1527685426486892  0.5110292611596826
