0.010427640819268676  0.08140871018142666
-0.013105020284662766  0.11541384663519731
0.015241627828808042  0.017660049886173767
0.006018206411067655  0.022405311883202002
0.008850393573526856  0.024752051970406544
0.0012489443352026663  0.02007915289138581
0.014085887605437159  0.021897493333872687
0.0034148539823640432  0.022255534207831305
0.013517257164792155  0.02645564070304459
-0.0031550877622803465  0.04352462207036252
0.00993471770647806  0.0425126891378761
-0.0025477617392953844  0.03884053064901243
0.013327951735640196  0.021356218029055758
0.00440573000759609  0.023151990303803452
0.0050780204690654826  0.03324411241335615
0.005735244691410215  0.027469912483384026
0.013192188508014242  0.024332115630875513
0.005857976574985599  0.02830669316164998
0.01621299540204178  0.04109920710532259
-0.005331703593169173  0.055070565469087326
0.015444456648236779  0.04449414121001624
-0.0038190943053106664  0.06494975488095725
0.010857460022537345  0.034002970806939425
0.011643481729604752  0.042785843147571175
-0.0065934738713639175  0.0813383023466965
0.0013112284605300939  0.0689193136596195
0.012232657426154309  0.03513409775680686
0.00859993985519924  0.03393943444880962
0.016088814831057924  0.044535865660235874
-0.0017658771117067885  0.058259116831273244
0.013770874526410286  0.047146448434224074
-0.010191937407690262  0.09174441917541246
0.013786399947699767  0.03822385936236351
0.01061652651042873  0.0353700546445837
0.019430660392376585  0.040302976541558455
0.011323169130998938  0.05029612429400738
0.020409149439748486  0.047769618570478074
0.01272610503177022  0.07063918225304537
0.020777625362992054  0.05013626995423313
0.02808293876855788  0.061795983062010354
0.014160222989882723  0.09955068368655405
0.0218247448271474  0.08376842433844532
0.025138619384048554  0.06390421004206712
0.03275089428090427  0.07278203233777679
0.033460360561324023  0.07264116395315548
0.02061357962699964  0.08818884730815518
0.023088627018805482  0.08787155904556129
0.04741574370503728  0.06837612391352328
0.06545252598503334  0.07109228494249405
-0.2228188526686824  0.29911484855676246
0.0767605083272167  0.07237342947629194
0.04379636990772624  0.06477367006179817
0.01979659621369082  0.0502117438984349
0.012939673441417337  0.07684426785356198
0.03956361967291103  0.05744700290570692
0.02110453663280146  0.04613921154024757
0.02333768871065554  0.04347344008784559
0.013350767806653048  0.07529785079599262
-0.0035879885475084317  0.10572577622382763
0.026487878662213474  0.05916391676235701
0.02555290478092022  0.04577427419131684
0.004082339389941713  0.06035943337709027
0.019654585807826596  0.0422098822207179
0.01286479440104709  0.0435661265435625
0.019494498489982016  0.04161072493792644
0.007061511824208546  0.04146503328770755
0.014520632715075333  0.04726565161083778
-0.002966448669916415  0.08305390432596617
0.01569266325293038  0.06617731310748151
0.0022120163331350983  0.047389631723282644
0.017508158492189146  0.039628198790129
0.0036702278216686544  0.04493376194041447
0.01096287920341536  0.031499175555304564
-0.01701919122495535  0.09947399614587735
-0.0022232687269600105  0.1048545488424616
0.020781147708802176  0.05494988806631097
0.01483240577859378  0.04607782945117
0.0028481337090760683  0.0670508113554313
0.015074803722818357  0.04319218926643117
0.005141027412034232  0.05427416497128236
0.01969489121732633  0.033834682986039075
0.007121938744438065  0.030834973465411253
0.0005503017037298719  0.05286355622122928
0.004219816619608487  0.034440514545214906
0.012614782793496853  0.03035656542071027
0.0056973438338790315  0.029449671047694848
0.016492425952151724  0.025977393461750892
-0.011015359671636488  0.056217547401605415
0.01839704696778784  0.04738175162606256
-0.00423695315462544  0.049505426420480086
0.016317885987356687  0.03104621846557498
0.0023630118655260392  0.03795726082612007
0.015841867125837322  0.028571485697371717
-0.0014203104123650446  0.04080772633420238
0.01672331737534534  0.03576776436146603
-0.004946913299719664  0.03568717545260705
0.022636337707164424  0.02517750332090093
-0.014067659563882949  0.11532298859794274
0.013080921709502693  0.08411173335971252
