-0.08083500417906322  0.40159686800733624
0.026344851343671493  0.061679461290683184
0.03751610691750001  0.0669750307137099
0.03727818874852658  0.06709740625678998
0.036901771526839086  0.06825110286029053
0.0390851962894714  0.06319968177168897
0.04651111904135702  0.05779181061117251
0.0452284153092254  0.06459075197366562
0.04727798171511099  0.061955526152541275
0.04270312067308994  0.061484817602359146
0.048962800932832236  0.05886272198220312
0.03974664132033137  0.06833697548687892
0.05035911698665221  0.057850786135925744
0.04379616298971805  0.05873304331199228
0.04214382287753353  0.06158247088746794
0.04047960967565095  0.06290775538408377
0.05187982995751105  0.060840145098562816
0.04962261714627646  0.054012928567473646
0.044511711160712356  0.061041686126026645
0.04948981846398214  0.05437434705768095
0.05134393439730095  0.05671171002267209
0.04444825635186543  0.05299431504972174
0.045845821244619354  0.06149451561764935
0.04472354427212665  0.05827450494873604
0.048520936296126936  0.056651134529675094
0.05111447024601822  0.06180727244055735
0.04872727419992521  0.059693855871468304
0.038007299005154274  0.061101462997659915
0.04517042578802029  0.05621928631385459
0.0544969625855158  0.06132626511653944
0.05275121534525445  0.06241229751637209
0.04354215142741879  0.057849833336582716
0.04487822238748983  0.06016501723864692
0.05438125844437991  0.0525943938562581
0.04752398492671397  0.05803849515115017
0.041291798798799226  0.062297810368157604
0.05419264191494129  0.06103282473239554
0.05104888730856128  0.06076589745232514
0.0403463231164001  0.058913536983642226
0.04376599925877449  0.0660032718525184
0.05508690088610895  0.05331211983513978
0.05103638879038797  0.05942011671407472
0.051728790587251536  0.06154402700637626
0.035222435239541786  0.05791464257631247
0.04640784314492171  0.05558780053745189
0.04906967227209903  0.05637381432125733
0.05075449409976094  0.061439279030585506
0.051433239824391255  0.061863137773817384
0.040860728626206926  0.06313513779974593
0.04466884410525557  0.0500269735174572
0.05108097483895312  0.054621218357058965
0.04757942930825371  0.060034734889093944
0.04715623596069035  0.058246831463987764
0.04288127344687318  0.06642119129325617
0.061200453880620544  0.05641834098212115
0.04241592692544966  0.05711526499664724
0.050316502842369  0.05647652850373713
0.05213131276599041  0.05620214337261196
0.046350678357742224  0.060041463966736854
0.038176328273555445  0.05756608179947295
0.05574404290257586  0.06316307828021459
0.046443853191055026  0.0616816764763433
0.04943462300369646  0.06469725162801314
0.04007992648845501  0.060856549231386295
0.05088845026192529  0.05191139643229764
0.05162856949071251  0.05838438417668163
0.04056800505275775  0.0593087696513257
0.05147830754863611  0.05300763130779097
0.04870812284603139  0.05281269194375683
0.0499648646956978  0.05315984491615174
0.049541664225727505  0.05906708819225812
0.04140747999009026  0.05227743667058641
0.053771703308553916  0.06138210486173785
0.04783139882299017  0.05849223557862726
0.03958405616833023  0.06147313547692387
0.045702365748216206  0.0599274306980315
0.05760003293210112  0.058309423403230816
0.04276730429988801  0.059529769008610685
0.04547485717076733  0.05161254671599333
0.04930007655132328  0.05275963514067911
0.05092981593206858  0.057806994102609095
0.047891680986948106  0.06027274995429163
0.03864419811403307  0.0629619676803608
0.05580521213523624  0.06811486694341023
0.03864271310948539  0.0638364248722273
0.04909805810902339  0.059799548954633054
0.0474158639865468  0.05776791638386228
0.04414000468074834  0.05949488975061225
0.05307032945287884  0.06364295984154113
0.0407689172118995  0.06594499183198069
0.03894346921855338  0.0657057685654125
0.05362206432866234  0.06675288330411559
0.04269296750051568  0.06183863704799708
0.04482630280729239  0.05722996529210824
0.05211942129304296  0.06619216392247998
0.020957518816398405  0.06562513387067921
0.02975583709907247  0.18870812318708274
0.024739842858453112  0.07562407077410521
0.013300529094382244  0.14823297469389662
