0.0021016442419092484  0.04826244244822149
0.03472174904818401  0.04592967601354298
0.028857367269015412  0.05043656084785708
0.030876375559512975  0.044900754628254956
0.036627629588949  0.04921976133696191
0.041761819091294464  0.051623164741694066
0.033763862918063756  0.04800637653292436
0.04376149945651247  0.052538739086871775
0.034138568194807366  0.05547271581124816
0.04473952000312845  0.057316956589869225
0.03521362686704671  0.05551581076582887
0.03472009156062566  0.058882920798808115
0.041188206671283  0.05670164711823838
0.04016798271993486  0.05105832869888227
0.04266677958731794  0.056541168705197084
0.035519458362460676  0.054838489196718
0.0448811892364169  0.0491198325761047
0.03975583111400166  0.055412046018629105
0.045978696096199326  0.056290391420411125
0.03727460892659442  0.053484163771913326
0.040388723195159744  0.050719348345922066
0.03361802780564964  0.05423398113351957
0.038542318232880395  0.05029558359296876
0.04162272392491703  0.05096874970636816
0.04543266048047669  0.051236640834106305
0.04202583309018218  0.05385978597427387
0.03704739731907329  0.054172183096929345
0.04637337715955887  0.061701662152457586
0.03643176159980179  0.05335905567760351
0.04295775928328341  0.056865705997716606
0.035744019769029495  0.06399470223896365
0.040954378097616644  0.06024217799474711
0.037119821437086586  0.05402466127443087
0.04273833708951336  0.053392462628752725
0.03685731637039704  0.05603792839325436
0.03835916829485164  0.060201339248580586
0.039213277934114193  0.05615666094540493
0.053977227256167055  0.05539850753556928
0.03522431694507758  0.06126944439602548
0.035250817224270786  0.05295955970859277
0.045917137879946175  0.05321264211803789
0.03951581003204658  0.05202880561903927
0.03360426219835879  0.04836879637412303
0.041427502043498585  0.05129759283921994
0.031219302305672113  0.04916548581307283
0.049519782915664175  0.05363478438529621
0.04368548635478589  0.05047537851511101
0.040330489637049924  0.058065702946928054
0.04355333439319882  0.055270367282757915
0.03449677276396207  0.0601275975782871
0.04457912599014533  0.05819459704769016
0.02513220007053006  0.06099114774384685
0.04091603793963785  0.053481811752319953
0.041730560733403366  0.0514876666372308
0.04105688306226792  0.05157406030168278
0.04555074013173435  0.05366996790977564
0.03649548192936581  0.05460001523917327
0.041938401652162796  0.05297995131586598
0.04846644536569819  0.05151601378208838
0.03570050919297841  0.05285369409832182
0.034717374375639466  0.052799883583967644
0.04773087569669721  0.05678262319345664
0.03185523414327308  0.061153490484828814
0.03859984470038187  0.05327332985473793
0.047545181748910516  0.05159825392437811
0.03903277298649582  0.04894774868289876
0.04075375386606203  0.05748809825874782
0.040858761751630064  0.0669842964969697
0.031880354373725266  0.06442324048892405
0.043480362562477275  0.054595009177203425
0.04821132829604831  0.054022992849464165
0.039423833280235215  0.06238528343541663
0.034874990750706845  0.06512540611641175
0.04090527894475514  0.0544823356703137
0.04413850917401759  0.053423084519792
0.041709154996855055  0.0584386993092175
0.0434766522713502  0.06022520242157709
0.02699466850234218  0.0683118126899438
0.04325426864674982  0.056233910928513604
0.033545022352807125  0.057672260233015735
0.04060695905069678  0.044453294121501015
0.038129560345807605  0.05234791995428268
0.04581084643567429  0.05507017218229581
0.04293966315551854  0.05050838973524068
0.03446570809769835  0.050763102115801685
0.047425240512438155  0.06350415554317844
0.03435923780277753  0.05591770890049192
0.04091006171231062  0.05401600366848197
0.03730510280762799  0.0591491092517328
0.04210592136589098  0.05611632344474353
0.04651503711833766  0.056849213409512746
0.04217580383993199  0.05485429303608099
0.05176546612982013  0.05930414855990191
0.03831847031968492  0.06893429970121749
0.04046204337831376  0.05794065165310992
0.034983908566467325  0.07371430753912031
0.05052140023801713  0.06575626404387688
0.025526064965650814  0.07286687188992926
0.018305848981096776  0.0918503327428463
