0.008054621790798112  0.05254992602924884
0.019462886778868725  0.044290155892498996
0.021570528345069527  0.044821145470536713
0.033943277971721864  0.04822905167561521
0.03177350976458616  0.05421037590728375
0.026701632522707297  0.049865004761218086
0.03169928044659727  0.04517210435425746
0.025632074390574112  0.047695167554056214
0.039446389543567925  0.05485276533630882
0.025801905022167997  0.05331696136071515
0.03299945573264556  0.052523900258521904
0.02903800983821706  0.048977953869327115
0.036977541696029695  0.0532304481755847
0.02923603045686902  0.055238276052311595
0.02904556769596456  0.057901920411424196
0.03631542149870988  0.05396065511001496
0.03374710992947163  0.05081901319047221
0.027443305670710266  0.060140398254612
0.03399876076136407  0.058046147840309724
0.041320967559870976  0.05696559245586228
0.026289434904900412  0.05770196856087662
0.035166847499041094  0.05247888552649169
0.026510015556835357  0.051555753009858124
0.03988323769073028  0.04696363924610322
0.03567311822172849  0.05575269077954116
0.030004199837076806  0.0439042129992032
0.04695255574373443  0.05498519483252363
0.0291567083602592  0.061744975996549385
0.03192568636810105  0.05461580165642144
0.04394804701290152  0.05492474108640204
0.03452499462111089  0.051910833468136915
0.027099370805938293  0.059771921446786086
0.04186983716270987  0.05776889534305478
0.037723664380421365  0.05928744262681192
0.032921820542761576  0.048714271856653835
0.037187638201741896  0.05021878523870242
0.04058112801631084  0.05146007123786606
0.03876131155010199  0.05732453035636319
0.03279101650701996  0.05518053480210512
0.035342860822107025  0.05565287577316177
0.04336869060433397  0.058246182345353975
0.03969290547277507  0.06736492604182037
0.029865075564871404  0.05522324062239788
0.03974229826943501  0.049899883263047985
0.04388161951997567  0.06600191326282763
0.0368281733456384  0.06061281118891663
0.033952960934257106  0.059045873422984764
0.03434937306705986  0.06554643029617427
0.04122155601111647  0.061581676787294884
0.03787933531229235  0.06371815971822176
0.052689944150646324  0.05225935400402796
0.03070736355571169  0.053944162575379664
0.03662370534629857  0.056184627009820985
0.03814916416871911  0.054889678443009154
0.051483690487296646  0.051192547544867927
0.03236889490697938  0.06594283320842002
0.02961638264738995  0.06352248697370926
0.04772316951957236  0.053510068175507707
0.04715627400858322  0.05501712835968955
0.02627527090327139  0.05096954819175254
0.05370890151929812  0.0544822832719539
0.030239333525470483  0.05380675445931212
0.0448422091631949  0.060509492212557185
0.03748043189808272  0.053309235121820266
0.03670346311987935  0.053704125373817004
0.022391694903025536  0.06054155155873339
0.049774754878218946  0.05829395102860156
0.03699340487725255  0.050514881046008625
0.040288868123112366  0.04595205465375274
0.022183754796270164  0.0528799017433551
0.05074150709196973  0.05315810024133325
0.016350234184602776  0.060535940761831684
0.059290443493245026  0.06746691618215866
0.032021776371893795  0.06478520295889761
0.04235423580414837  0.0519711246283925
0.03376820840186119  0.05423630736446379
0.05746802999031665  0.06907860858539243
0.03639467478587872  0.05739182020545897
0.04421838341078568  0.050076075911784285
0.02570444489363394  0.055213755752229796
0.05361000068340825  0.05640225189839981
0.02684860314974925  0.0575095547397198
0.06029423330353822  0.0608439414742702
0.026103434736637975  0.05652637883242213
0.06201380366052939  0.06697182088162858
0.020183919008663693  0.0613471835589332
0.06314617594708792  0.0676657974067436
0.02458857286886089  0.0568936615340844
0.06995665142681852  0.06529502720102281
0.025283902669596712  0.06745395842356292
0.05791834102735163  0.07070092347489236
0.04319069346556855  0.06607249303766446
0.05486083566207716  0.06726528832629006
0.03200098082478647  0.06763759685621352
0.059217797114574616  0.0691149990106851
0.02867567671968885  0.06545319370638251
0.052199329034904  0.07539010775274019
0.025190358147855772  0.07491687627384976
0.007279530592312528  0.09786006760021056
