0.005526955545554646  0.0508360091740006
0.020779493461206718  0.04513009838061437
0.03524188720372606  0.046299601502098456
0.029237316497444342  0.05208647917452926
0.021852595688027544  0.04911837715172043
0.03336868585546191  0.04941758029097251
0.03417462562751389  0.05863121105875441
0.02385358210396975  0.051885415572908364
0.0356002607504971  0.046616737180790915
0.03443988201520356  0.049705277125218335
0.03765458706286521  0.06110947937447866
0.03784293333409587  0.053740508988100226
0.027600734326467768  0.05357106557849175
0.037008782494076485  0.05130633780386281
0.02931352021669577  0.04698396489173067
0.03589519083649454  0.04580594918228855
0.032067761452580515  0.04938923547744471
0.03587423588584101  0.04940326194314854
0.03716006133153124  0.055843550225960284
0.03765715953504945  0.05299068104464326
0.04061178932282985  0.05288238915479325
0.026535625650926476  0.049249805767287325
0.037486563076329894  0.04458118781808267
0.043345359778907265  0.05163487588549197
0.04116108016069053  0.06051000452169149
0.03663953922467692  0.062058084686750954
0.030131377040945196  0.058195694984459825
0.03736472661215075  0.05038144090489229
0.03602835628707803  0.05422683074111289
0.04970558535915198  0.05195169900937062
0.03062111162084894  0.061780647680407384
0.03246389203933663  0.06186027145619831
0.03411204958346569  0.051154487026030544
0.037467391522671555  0.0459812779909784
0.04349252828753302  0.04796078493341629
0.044999923139143846  0.05457542469813776
0.030932107986733567  0.05294632683473812
0.05161541488200909  0.0514913334562855
0.036272939510914474  0.05598816036864217
0.03957915757981458  0.05408191603304598
0.03465262027433225  0.055855593172683494
0.045624973302943114  0.059265321504195015
0.031583035512992456  0.055626418757045736
0.040431494575608705  0.057403550279127025
0.036971785269723494  0.04754173075208056
0.03855881117708511  0.048392765013689894
0.03655261785473804  0.0497823699219617
0.042235542519332835  0.05200575889893947
0.039927821239288265  0.04926073492917422
0.04235042672206944  0.04866488664077287
0.040400624321223405  0.04853293123301271
0.04328203856435804  0.05339279595398753
0.03259926090315133  0.06002762136481636
0.04590301485117892  0.05562925650132372
0.04405076063678355  0.049897183703586055
0.036093621222268196  0.05715522271878363
0.04142266485350061  0.05376283474798391
0.03163371176801387  0.05125145925618406
0.038846614297980954  0.06091699333454067
0.047230569769157876  0.05547764640815193
0.03465753801431532  0.05384037441101224
0.03090529489831812  0.05354232648770458
0.0413189277761708  0.04762006084250184
0.03916257405935867  0.05064723303531573
0.04060371973543744  0.05473681317237023
0.04141663330452291  0.052375668686250335
0.04233704919604615  0.05968745011109646
0.03733522579945743  0.0599047717325997
0.037377078772818983  0.05901027315351801
0.043128399675296275  0.05342910761640345
0.04485994442285574  0.05863576781345847
0.038930268112644884  0.0593473848238183
0.040986417737141324  0.051540822387886535
0.045731146062260954  0.05889147025780967
0.0381210657579423  0.0562674527927644
0.03752167774974569  0.0486122839977754
0.03661282781877473  0.05036392810936851
0.03063270472322147  0.04837282215863936
0.03829668754483539  0.05096735966475934
0.04555333273819996  0.048174299182962094
0.04137775796802646  0.05262566294964196
0.042285754829083866  0.05250274106622108
0.04266114050700127  0.05466918743191723
0.034694255041961865  0.04896655841740948
0.04437078951527278  0.05480520719067922
0.04345510875582303  0.0514849008450069
0.04241828420266498  0.051781844469653775
0.047232472274352545  0.051135612832154405
0.045223619269708706  0.05168483454114287
0.04056118520500734  0.057366479548279975
0.038557514605614844  0.05395191362657363
0.056725354033976584  0.054432287352383306
0.03632452794207114  0.06418572534105522
0.04515529267069779  0.0629388517666071
0.04894757117520407  0.0646454822520215
0.04251708971997791  0.07358751269043537
0.032836445046095036  0.07646170600298728
0.0331363331476958  0.07944371965852749
0.010226892893253268  0.1016996529249581
