0.007549666154062265  0.04546282641516273
0.02164071887731418  0.045469410431704244
0.02365192007421268  0.047115069358644256
0.029523168280152688  0.05230183906695766
0.02373760644590503  0.04529259878129761
0.019599399761724028  0.04571759296980496
0.030664562311571043  0.045161165513297005
0.026350727314497596  0.051243040715187815
0.03809120009960934  0.05287200825069301
0.021583222119110883  0.05679369350004341
0.030912567418267513  0.05141198429599418
0.034938842066038686  0.05382272845868451
0.02497387143488254  0.043701340519346585
0.03434380713087712  0.05210843923781098
0.031990793380234125  0.057430123982495376
0.025373627156282393  0.04619411204431842
0.03906575043079386  0.05678844602596502
0.026100451222444886  0.057603168178466765
0.026792411383619288  0.05039317714586552
0.03721403439640341  0.048877515008321985
0.03509992965737283  0.05406073721680301
0.04002857702609676  0.05226582605380849
0.024166263186310866  0.05307494137743718
0.036080169677541664  0.056333284303701846
0.027885032165927345  0.04918343441202764
0.03483836354878695  0.04748164359954332
0.037330664517677185  0.04774368474279072
0.03433285562065424  0.04890529508804144
0.033684912275844345  0.05239915280977982
0.03877044684585268  0.06033923016388088
0.03598972516221416  0.05133341946941817
0.026739258236130357  0.05175763264934004
0.045867932068096036  0.052809742803588175
0.031529180875830516  0.05494608439689714
0.04246499288985302  0.051514674275855356
0.0392787182734697  0.05277190746796418
0.032585924823750154  0.058310634208491675
0.03509520110611279  0.06039888958059588
0.029710063405085516  0.05426486338520057
0.038852620543370124  0.05689228047257987
0.0442823387334648  0.05285101028347554
0.04148886920795698  0.0500013261635127
0.03548651582741258  0.053582297869314094
0.03462987700871027  0.049044782962665436
0.03891372980853598  0.05620174211541382
0.03313031664352183  0.05257618092372008
0.039447354567254275  0.04962680915064045
0.05074152776168616  0.051861981115118146
0.03840080476551949  0.052287346673111676
0.033918831856114745  0.06337764772725926
0.035931669068512535  0.05676074503768017
0.04615832165844535  0.061114443002515034
0.03796327355765438  0.054368224779748155
0.03948786074864798  0.05324143284260886
0.028986857319941155  0.05601778950216958
0.03574368353617044  0.061775524547575955
0.04466650278884151  0.06259438856221913
0.03777203132900128  0.05407186862913553
0.0418515703346972  0.05309105841684156
0.035949614389002085  0.04769484095444393
0.03491686969009022  0.04132012038407149
0.03937236318857805  0.05511404916797288
0.02955274421368261  0.05130555986473406
0.041611288760303726  0.04636519306837918
0.036221221772729614  0.049835132172414136
0.020678775533758697  0.05556851137004821
0.05158075711054519  0.06115490071948225
0.022043265643563403  0.05426841523732106
0.04547667173128604  0.05095705951126749
0.02958789796821516  0.0510560274838194
0.04731732236469182  0.052615484819695066
0.019943126986221957  0.05090721464865559
0.046991905066156116  0.07175794525333065
0.02953995747288226  0.05098355534800805
0.06544915584897695  0.05564668683193309
0.01629791908605418  0.05711173759167852
0.06335068302356878  0.06458067502756948
0.026547736619312503  0.05960747731466228
0.05139494060946638  0.06033656341277366
0.03028881891782062  0.05373939577314349
0.05580766347038149  0.06251135960628827
0.031880407561737746  0.06343047137592848
0.04752023342530217  0.06818550913001464
0.03688343136163144  0.06128279451810902
0.053838440368949955  0.05863074460627081
0.019986838935319672  0.051644022634590885
0.0653702686173433  0.06152093162567581
0.03152345597031165  0.06093567750255746
0.06430705965064619  0.0657376835378645
0.029568460343240708  0.05978009309802554
0.05520964202576728  0.07641252555095931
0.0369943337797658  0.06176312404896564
0.06581542056782823  0.07383888187251891
0.030334427584721112  0.06080881078595555
0.059855866103752715  0.06782701748884438
0.032048739797233744  0.07725225992413173
0.04745869714266513  0.08385228825610797
0.02650088638299651  0.07969683543895587
0.013117212365324517  0.09789252627477775
