0.018522200300807475  0.04610869631354511
0.027001866875107004  0.05800750086865063
0.01902402405023805  0.05900931545529063
0.03442030802640438  0.05154566112776399
0.036178011327666876  0.050459153356511105
0.03366148983570382  0.04659581337068353
0.031759769324343406  0.03945747781516742
0.04032271773522101  0.04883434111418592
0.03490689134696475  0.0569169071033432
0.025349409068095255  0.04877999345847269
0.04066993173378194  0.05419689744779681
0.039570510090917395  0.05830338584458016
0.04066308750705454  0.06492734692752776
0.026314478877500144  0.0545960858919555
0.0445243680223048  0.051854474603805066
0.03802085690878616  0.04631095635106344
0.03731310142398919  0.05388141224364395
0.03656197181449294  0.056327254078415157
0.0404213864272066  0.05738585195797973
0.034638275353047206  0.04973322426885693
0.041016332638353754  0.04768641329694402
0.04032305277794732  0.056501311001358745
0.037955729957818304  0.05272481084380676
0.04229877107312543  0.052988537878056526
0.034355120142999525  0.04970398647088397
0.043768801167377455  0.052735493376563615
0.03254259655190491  0.05200870249258624
0.04678324927302688  0.05286950833068912
0.03276184483010316  0.050554326228112324
0.03549333535354435  0.044296492786767956
0.0425828721439509  0.047615139603837196
0.03916305283650657  0.055053184164003705
0.048813379317201325  0.05757880354508643
0.022036449169007443  0.0568363231497017
0.051760365558108014  0.04949724403607677
0.03860284669268423  0.0605378946741203
0.039906609187881185  0.060403594705433473
0.032950704058017914  0.04871651110738881
0.036397313274330975  0.05373889993113627
0.03284115137568315  0.05415366905722337
0.04735524057085669  0.05950314113082678
0.03740810730584114  0.05333681710537155
0.04110758231451277  0.0481347839116866
0.029717667866767418  0.04957545853127533
0.04781372852701516  0.061904600794203166
0.0409925031050604  0.05276449103588354
0.03996388185957992  0.05531353371313538
0.03240851147954296  0.04946870252804661
0.03699196038692082  0.06078736251537665
0.042850071155516985  0.05514951887997471
0.04179386503146663  0.05477206908608831
0.03881375826453703  0.0621584390109304
0.03583572810446379  0.0591716698410581
0.039753110470860574  0.04755572055086836
0.04818119692559424  0.05244582003567692
0.03748909066430281  0.05998323721097721
0.03437015907409754  0.060399590329241803
0.03804840699559754  0.04892414870554509
0.04187399356059021  0.05993815405404152
0.04015596659463755  0.059270995848062134
0.03499414922759278  0.052543301796902454
0.040474271593163615  0.05869295695132993
0.04554118791157753  0.05424455269174646
0.0345010976001887  0.05742260414967646
0.03769405717743316  0.05766257608817312
0.03885939098896478  0.05779568412371146
0.036654534982662385  0.05402830436869074
0.038733679190248914  0.04619368804539902
0.040481826894965385  0.046955729403052246
0.04672466266065563  0.05044934780111639
0.030189300280785626  0.048145293132002664
0.048477486887747494  0.05248340482287833
0.03777300975715371  0.05235124809773664
0.04175286221396658  0.051629592624614896
0.030858110716626568  0.056984623169757075
0.04584722492132398  0.057309263196029935
0.04106650991526714  0.059679526108670146
0.03665925861928956  0.055163355336657754
0.03671062559068092  0.05373005462431089
0.041142225988524045  0.06218467116503643
0.031582860653339394  0.05354670865229901
0.040503673143410024  0.05516962249771552
0.04057646415952729  0.05819675839959379
0.03448941660537788  0.05700419684511938
0.04629655563830056  0.05211156673760236
0.0371378368050183  0.05156596445608841
0.039156410742529374  0.05692175562497723
0.044715863559726336  0.054154134455582335
0.04347359456888641  0.06096672079560596
0.04892651975705367  0.0591463297508721
0.037853467613693764  0.052648137678209694
0.042282527062690846  0.05665644903440378
0.05685347696048712  0.06310048173027524
0.041791027375860886  0.060662865407722456
0.028076973774562645  0.06848120509201452
0.03562701938956939  0.0733659265799991
0.03907940014832951  0.08155471169618247
0.02927219454010258  0.07858617712018605
0.006811425806936275  0.09501528687002793
