-0.004691968381908662  0.06675387247561329
0.029040284033549062  0.05598572890752801
0.03433774937328171  0.06138980041274977
0.03812224811351341  0.05210982318509005
0.037720112006909765  0.05229108153253528
0.04111752659801437  0.052690103523512215
0.03906412394013694  0.05161450025226585
0.04251878545684952  0.053062784489229374
0.03293733122686911  0.056704119586210466
0.04644154708689559  0.056463518275954826
0.044812024584433965  0.05458893833093591
0.04183748059388609  0.059522939759020184
0.038908798664999654  0.054492592145825705
0.04649674650354029  0.05175842556267046
0.04704548704205171  0.05614017959514314
0.037951779490547816  0.06052168816950883
0.03654363671295469  0.05790163784026386
0.03929933930445677  0.050583070004917775
0.053438343565368404  0.045139187717373894
0.03143522782307149  0.051892677426755504
0.04753414590051801  0.05399600409057475
0.03878148606563643  0.06173255307884176
0.0370318744880338  0.050897245557907755
0.04813535954519729  0.0516838750466648
0.042333491667298544  0.05106961991995388
0.05100849435014949  0.05600196056845974
0.03420574451496745  0.0671680366061899
0.04515446579301567  0.0594194152157511
0.03898558631310965  0.05721107167596801
0.043686868284950914  0.05516134251247032
0.04131507258529603  0.05215154745013723
0.05014564718679045  0.05679457083523585
0.03943082048250439  0.05117879890009039
0.04849679831282146  0.0517073499157061
0.03373590371752826  0.05281098251639484
0.0445182913782862  0.05238745407797131
0.04211087613881968  0.06407153125157329
0.04358471239761183  0.060531358899639336
0.040978267107760195  0.057256980358791065
0.0406522004257571  0.05103217511670047
0.048769930791957614  0.051171555249616266
0.03082268053769875  0.05436664834108568
0.05184963305712989  0.0552993179759164
0.03862106271332938  0.056155956546465706
0.04584890749494362  0.05719324182961218
0.046464010644483446  0.05952020963969929
0.03308204173988287  0.05810041609997899
0.04593747959976088  0.0573156129911565
0.04715584449704326  0.05220164786728632
0.03905762653165175  0.051830634814692224
0.045904795398248  0.059594195508972894
0.03749795354892601  0.06254329066528996
0.045403105931858985  0.05651812043318163
0.04488314305544485  0.05698541439392157
0.04125437895955297  0.052791191627811714
0.041433293410209855  0.04935059018573774
0.04005327326691184  0.05471182055706084
0.04795506352566691  0.05720716703243014
0.04279912536630619  0.05857493824057221
0.037034708307163024  0.047858705210394974
0.04912243372815123  0.05367896581172943
0.04261949015587407  0.054505162683453956
0.04861932392251347  0.06347950752989988
0.04175334513262546  0.056309281253230425
0.04564256309768247  0.055029392233874416
0.02973721845468444  0.055897315935527964
0.04465306319500323  0.058877724594571454
0.05112455963785337  0.053539954767938054
0.03606648285798808  0.05928853352571182
0.03727785998128938  0.05679840569233515
0.04512387300766921  0.0570232563618431
0.0420243853055095  0.051106570884038575
0.04431272558450512  0.06034460056394126
0.04164063098753285  0.06242312215604398
0.044907512735265026  0.06153918650649868
0.04151115879514407  0.06409386303689599
0.04077149236496644  0.054648323713081134
0.035310025246531235  0.05798277813408461
0.050043639663739904  0.05836038349325958
0.048415334155845986  0.06044983298692365
0.03882771292113464  0.05711865842351176
0.036391786340360215  0.048003158616863904
0.048443503763389885  0.05599489312127196
0.04886921531087413  0.05639538728641531
0.032584568466564656  0.05539332503455711
0.04953534489984277  0.05188802292614795
0.041261820368084734  0.047673925900223395
0.038593604416303856  0.0582116402330954
0.04231924860988209  0.057058831574905426
0.038778267449250815  0.06712327765505763
0.039195685820566706  0.06037344659580817
0.039474202359028154  0.05550898575187863
0.045573975561815507  0.05904310746791188
0.04764049639998848  0.06250591677402065
0.033154399221147914  0.061203132566858255
0.04724997093853669  0.06882252902251944
0.04095674894816951  0.06501597223924394
0.032511024107862614  0.06742161815641666
0.02740348041131928  0.08327445916347681
