0.0046453189864609536  0.0727254780739321
0.01626876051838887  0.06360057733217238
0.04033564192889837  0.07100761899942461
0.04292622525325357  0.06685390985758051
0.04229439171017385  0.05811178828905973
0.038093880443603595  0.05927528231739148
0.04687682974110267  0.05910963038653252
0.04259715870925475  0.05040901352297869
0.047446904933995115  0.05814641571706198
0.05299516200643919  0.05688960576647885
0.04207425206788923  0.060211497033041225
0.051028413128965514  0.053125999258148975
0.039936066149277874  0.0457154244553068
0.050170274062346074  0.04973199244509067
0.04980561935029033  0.06078155413122131
0.036029593646414476  0.06073491703229056
0.05392474617601024  0.05074496314992278
0.03826746951219103  0.05516739674318877
0.04990021981425383  0.05530920675858527
0.042530568335609725  0.05237091008416847
0.05088816635526858  0.057981235250879296
0.04925197892529489  0.06242901958548473
0.05371404531679472  0.05554927880674586
0.04545724122418396  0.05916602274856304
0.04457695885265814  0.05343154131862374
0.048489865677447244  0.055368393501924865
0.0425099301670405  0.053802213560275286
0.048674629712414846  0.06063057195576733
0.039588056992895714  0.05215100330960685
0.06428632351083184  0.053342521859709814
0.050389867073786704  0.05311393522314435
0.0468485174830035  0.05213702391925157
0.046578324195487346  0.05613179876704599
0.04687391599518213  0.06063793118102859
0.04912547480070914  0.06250765382859771
0.045949623316044234  0.060172439306880265
0.035316509281161985  0.061449560519442455
0.056480360827480355  0.06532988998293922
0.048821205903985365  0.05675847106866034
0.04737868535242864  0.05694914855994691
0.04229856057480928  0.057362647678375504
0.0595805791873484  0.056470957849629695
0.045152513943868475  0.05315445114594125
0.041815050272041514  0.06257087563999902
0.05146368731362641  0.05623072739270356
0.049651808636849634  0.0601812352914303
0.034965429074487436  0.06399149868993467
0.05283148070358557  0.059758821507075593
0.05095025901504859  0.0576449342157657
0.046634531077440255  0.05958337386068447
0.05011397171608184  0.061694856994962195
0.05318472656140316  0.060239301000211076
0.04419142208518138  0.06392550836791293
0.04324125270275156  0.050583083239162
0.056689154674802504  0.056598146535255835
0.04166620317970282  0.06657956124946332
0.04510067093681108  0.058133834146429454
0.045185903572267545  0.06452130258440147
0.05109236495566625  0.050608967408320285
0.05083217491017131  0.058737323567121066
0.04579712907602703  0.06950623827835839
0.04989179110726691  0.06240475203619591
0.05291631657743153  0.05272541996608627
0.04006201742699909  0.05597608152900648
0.057103447977809536  0.05986487455196562
0.03619293365235359  0.06443310441886202
0.047300049221866355  0.05390870397779599
0.04650452288788895  0.05463748228363648
0.055359820451880315  0.052208223237839746
0.052048744989981  0.053045223904192626
0.04536141343638737  0.05957509084961793
0.04595254552109509  0.050620533709234465
0.04848400825177663  0.05989809507010028
0.05172363948529337  0.06391463477137937
0.0450019366800892  0.06069038756644117
0.0488109182653249  0.05890948388401654
0.0467471169333772  0.054480354910851694
0.0445614387896477  0.05715693980425889
0.05073062549834272  0.05697022041445851
0.045981850543907805  0.06081203723553235
0.04927726268308365  0.06306882492738536
0.038588982791122356  0.06085086119520503
0.04560484233894885  0.06141888721290001
0.05852784830550326  0.05727389608135188
0.04732132302574957  0.05869951629766854
0.044972874979616016  0.06046729564241122
0.05023336024038029  0.057457135238161594
0.03897902931889581  0.05767177093839895
0.041389724556629745  0.05964402973856809
0.051955165642363216  0.05786846972843546
0.04668909290524513  0.0656246516441452
0.04198016519535459  0.06954025928708259
0.04571079442131123  0.05752392534447008
0.04446587397735799  0.05570772417940288
0.048961352483868875  0.05939858377787526
0.03627326283746707  0.06818460170423696
0.03165625551435236  0.06640143344057664
0.04171554689598322  0.07554538794578505
0.014082460506756673  0.10149283646364049
