0.005214160406567867  0.04410693719185273
0.020732578839157717  0.04271002351289218
0.030102775412156495  0.051844074737179356
0.0323612554310336  0.05221585159911434
0.0201517560675977  0.049110921056236934
0.039969571595830394  0.042987034697719244
0.025348460517839767  0.052294795206149186
0.028180736617327087  0.05862821210422455
0.029062540376684976  0.05478399745190411
0.03399267429696939  0.05420109525629527
0.021925393671055535  0.04969393430441266
0.0332948147354487  0.047246601916035004
0.03697621605977445  0.051637389361799714
0.03911405759713919  0.05339100887582475
0.02301093038587574  0.056201049672384505
0.02584488011412438  0.054229772336648864
0.04663028218515759  0.05286774725104616
0.022873442017842426  0.05318671769384299
0.03479274934006182  0.04799669206077572
0.03363040324610877  0.04958035184525001
0.0411331555660232  0.06190326085346357
0.02850630391465808  0.0574124050815134
0.035182728011406476  0.04352031112840423
0.04099401245290089  0.05574854467741486
0.03485045597380874  0.05079141694865286
0.03397599734278173  0.048861666743059
0.03779314101834896  0.051479762286142414
0.031798240305696494  0.05054362577180474
0.03654693308782723  0.05535521344564099
0.03202644779312343  0.047914287227796594
0.04351125686791958  0.051145693827143214
0.031822657900916186  0.05362715703210977
0.05306208624406802  0.059557697135953415
0.024305425475109645  0.05757577769566351
0.04840446239344484  0.05030307101053705
0.03298161469604261  0.05305469355305068
0.038000362596003645  0.04923558191621602
0.04087999905129665  0.048886305788014735
0.045519359783953786  0.05664152866995429
0.029896382007122396  0.05346862325122291
0.041911689530472904  0.05262707129784774
0.03791740195867841  0.04820874041810982
0.03973878612416402  0.04700767089848008
0.03510201340503729  0.046952845962147986
0.04398873207726959  0.046427478711214734
0.03666124360975358  0.04918573577697289
0.03936946402534225  0.05079218888066261
0.042159450730390124  0.05415307158101219
0.03703047326173178  0.05446554342659602
0.0446147729651552  0.047170538704621214
0.03499385189143994  0.04787599716523153
0.03516494325119582  0.04977706797030096
0.0467709491413742  0.05190344178365289
0.04026606881565839  0.04636602677114384
0.04129280533245254  0.05534747423090152
0.04096928129493524  0.05324378066151342
0.03342114639038524  0.053065024749860204
0.04660871328967378  0.056805102439864204
0.035453144357521435  0.04776620526100583
0.03497204703657162  0.055267800472064844
0.04001527423136045  0.05294304761519097
0.044253718940033  0.046924411105348056
0.03306517285524352  0.044908469097436385
0.05014245593989447  0.04340333658496417
0.0413231287728511  0.049629510829290666
0.0345033630486273  0.04543721906693211
0.044934419294421435  0.04647540309577809
0.04894655320839306  0.04796153066410131
0.037881051453444996  0.05358500386292126
0.03817531331341855  0.05110689056088063
0.03177920509591333  0.04613894590476253
0.02986454346974248  0.042407927310938405
0.04363036246977577  0.03946780893876276
0.04061831504081751  0.04455411991549519
0.04112450971331936  0.04520122947751271
0.03676702421294073  0.04962801054647407
0.03966436222453328  0.05024979424518843
0.04358087651067935  0.048755796180326584
0.035199686690640025  0.0507595232191588
0.03639211494669829  0.04622318021431355
0.046902260281170796  0.04791567021722892
0.05045802577637943  0.05079511504103234
0.03287291871090589  0.054663121592450806
0.0480649716911008  0.04856937109894128
0.03284937684839974  0.05081728201983595
0.043827888407452116  0.05474481839168263
0.05037074879389777  0.05766044479125592
0.042975779743938854  0.06109795203668003
0.04946321235757903  0.051209645639592065
0.039599709662417916  0.048521908319449955
0.04129576746289266  0.05515116047844964
0.042961826564569615  0.05764983966537534
0.053690209176847095  0.053382851223875344
0.04007700596346435  0.0641329126673442
0.04571896978958584  0.06374695114649405
0.050383245530859766  0.06432767946922173
0.05063283429148815  0.0674904716203748
0.027291317762504902  0.08289079475449383
0.02018971384468581  0.0957870909428951
