-0.03473680514916727  0.04133124967777152
-0.01719237196396664  0.03176533123812785
-0.00788447764370638  0.023076396059771496
-0.0023123184541869258  0.022629743107250768
-0.0042162010174770885  0.02347810058700769
-0.0019337921943069292  0.023897331390493364
-0.002041280795759128  0.02463407579132444
0.004277959700832054  0.026081113086817785
-0.004725211330127941  0.020024513398391095
-2.230980491444434e-05  0.016788064532105712
0.004457164135419931  0.02008487557348849
0.003012782291490308  0.02144036503485604
0.0006977141302992606  0.021510705916327588
0.0005573320817374627  0.023593746825093905
0.004372569308340708  0.023305819097862213
0.003348444671750239  0.024776954849845566
0.005760993498134699  0.026317770583657737
3.26554362653475e-05  0.019980747478326188
9.432385362010188e-05  0.020823014206822203
0.007745790764389518  0.021357168847762245
0.004166769633726535  0.02318515014182122
0.004331146174805065  0.024939428709621764
0.004693524568407969  0.029467246746788033
0.0024727361742742813  0.031658190554425335
0.007879330261542417  0.024745989544734937
-0.001772675680132747  0.021291596924780633
0.003887908105083735  0.023286201637140416
0.007522243193877704  0.024359334200109984
0.0033989763340139412  0.022363077846323964
0.0043848543822495815  0.024585806188797
0.001700821623630695  0.025266813513898104
0.009115875987866149  0.03508690157210127
0.00025472380472627785  0.03684295848276231
0.0035015657368448762  0.02740564940595226
-0.0007842241554969131  0.027094156612859077
0.004270966017348905  0.032261797811852656
0.004938764928384271  0.035361247363236634
0.0003522112860140503  0.031152691355356758
-3.520857398745747e-05  0.0289068178411638
0.00275501044169729  0.029747514923069995
0.0003642907605386547  0.025965564852740385
0.0015239735117864716  0.02851317621452225
-0.0009183510844528841  0.02771985666510732
-0.003358653415699284  0.03380331526235028
-0.001778947360372678  0.030141617952060613
-0.0011860460732705702  0.02997680339201245
-0.012293794928084703  0.03422379331987112
-0.015161713566031776  0.04537123481613309
-0.04449660220253933  0.07073848230309508
-0.17129901683518842  0.09103770994421294
0.0017872112841359966  0.05062828060530468
0.031004234068885066  0.037824272720393425
0.026818416189406363  0.04852585216536914
0.037954138312157874  0.05014606160857361
0.020661424217200203  0.049940357163206335
0.041214124112152195  0.04681070177315455
0.032855122957806064  0.051335924585888516
0.02980706694168931  0.048779099413919606
0.03688173139330497  0.044656744819013876
0.03449815304048322  0.04107478016143557
0.03520763335564899  0.04737475561462553
0.041102119955357404  0.047056102486624535
0.03316510130696533  0.0496466254753782
0.034982553977210624  0.04686355662770717
0.03498939331313051  0.047130942587812086
0.03784027254343185  0.04600605888421704
0.03540726508637641  0.05222848545618904
0.03810092288090387  0.04805251824316507
0.03180962435372442  0.043251656234458875
0.03964175640299054  0.0457753389911436
0.034905885911207954  0.05307516410811544
0.03625474343300342  0.047763883638037574
0.034317691447276755  0.05310657162132561
0.04543394265398559  0.047809888696256436
0.03748104998619884  0.04647580737068739
0.04206962269280742  0.053285563933049986
0.03134648942848689  0.05143238581661613
0.04409470430300594  0.054160940464003736
0.03738123529134929  0.05215908620462711
0.038660947471996644  0.050561145405588426
0.039590246209144135  0.04408914932187222
0.04484429065301504  0.050907256460836166
0.040595823650455554  0.052072686081534134
0.04675146200638988  0.04866786768294789
0.04774356900904778  0.060872944306991784
0.029691162283854346  0.05666178581559719
0.050620589066983544  0.052968940635398386
0.04042418982801454  0.056284696195204424
0.04763979485073109  0.061164047909217846
0.044527593888626524  0.05489303175505184
0.05447164701412497  0.05976810711552207
0.04275764674635954  0.05842651841015538
0.04242245332208196  0.06551822674374831
0.0469926948955901  0.06422694775467294
0.0399897141433769  0.059374125446919536
0.04746639767633885  0.06806914064718454
0.04435646000500304  0.0703911092864604
0.031310710553735174  0.07971971105231573
0.005470395289846219  0.10049331946844932
