-0.5746016380749248  0.7503021438595714
-0.22166617495530447  0.5418753725884623
-0.11006852029756342  0.42335595545966553
0.032779670231988585  0.06260062845481737
0.04520818883907452  0.05913742617029253
0.025815991578765515  0.05528663658417387
0.035666201912459276  0.13551406802300375
0.023053757004049814  0.14638988443585027
0.03968399846865932  0.05536747052176178
0.03952540742025218  0.05586860511919009
0.043644894185700826  0.050692743076495066
0.03488163606348223  0.055912230444133154
0.0466052276687361  0.05080878540543184
0.04362997774984979  0.06004237040188139
0.038557333495023924  0.05202430758137676
0.04588490798584857  0.05665893610023788
0.04384881613132963  0.05493233196719821
0.03616774656777459  0.06526006071729955
0.047489913430435286  0.054377278456769325
0.035806286113685484  0.0517455841131771
0.049966873955425956  0.053776960598269447
0.03804792658992813  0.056252832263752196
0.045404625116491154  0.056901210952204094
0.034764631186563456  0.051166061784535116
0.045960628511214255  0.05384864983353124
0.04038701587947864  0.06128299883322454
0.04414827660852035  0.05532895202582014
0.04767004921891146  0.0569442179394988
0.04073059606953345  0.048825466190794406
0.04280944523669511  0.05268209449175637
0.04887246861863753  0.05027764085807031
0.038773690113267964  0.05425846306369595
0.03784445168187292  0.054452935915417645
0.03712530678834191  0.06116717710256641
0.04264538636937425  0.05212860714089598
0.05150350642550412  0.056652623694265325
0.04096340624028115  0.0588967692583886
0.04341838839765515  0.05311826486103309
0.04417703619336872  0.055195414517245675
0.0409598996117557  0.05758048390163524
0.04748618649457336  0.05418693964741166
0.0380868507777081  0.06038404141995966
0.04107979095862209  0.06097729759665035
0.04483179907947496  0.05878058288349833
0.04346558276607691  0.0555313131118025
0.04613015614558293  0.05560584527721045
0.040135363204988554  0.058342047499894266
0.058748728508685344  0.05983161805366854
0.027707127006689158  0.053011452896931495
0.03976202583722689  0.05411640998473615
0.0497897578443805  0.05490384110868059
0.03972870599699228  0.05096910850740145
0.04004886579546476  0.055474608209664794
0.04338997688323855  0.05556880935193917
0.050924064984885914  0.05224047844802306
0.04094864365607741  0.05662234164749852
0.03990035813775909  0.05561521220329795
0.0451218028723387  0.057228725874091724
0.03585824685368658  0.05699890150920068
0.055861943217278845  0.05444587737998492
0.03526691110258509  0.057773195694201716
0.04421300249197313  0.05736272138628966
0.04259656932586059  0.056478025817798455
0.04456950024292752  0.05722598469538249
0.044582478209841604  0.06267793074325276
0.04219065822999794  0.05864969728416607
0.04076744580443469  0.06403264421113472
0.039587729398285754  0.050361000538075414
0.04793352085321004  0.058607607887067335
0.03432414801775331  0.05820475374229394
0.04924223786038487  0.05681624826680646
0.03822930809745337  0.0602930891297894
0.0446149410725891  0.05304975411723277
0.04079549821582866  0.05747000785250735
0.046004891820819314  0.05780709593706183
0.04403327772659793  0.05267477442959047
0.045642389798590435  0.06044842387920711
0.040317601747332704  0.05663358901966796
0.039153437899274966  0.05111808645357871
0.04839376623479491  0.06191251552947693
0.028639440242650336  0.05198370245376998
0.04813022844864147  0.0490551194475975
0.04542909339726589  0.05448773430945284
0.04140861453198406  0.05349905831110385
0.05160855900821043  0.05035078778100899
0.04579845055770483  0.05495629937124591
0.038246324783293886  0.057270101233787875
0.04435833050195189  0.05506503245934498
0.02971368345993952  0.058149167404256775
0.04302902798112676  0.05757286714089771
0.0487681176584886  0.058246576037865566
0.044739645775973266  0.06281369950096855
0.034092174164587895  0.0637685507806468
0.04709010010546113  0.06261313643727222
0.033495734532715635  0.061815736646242826
0.047062118745876555  0.06485705312253576
0.027223672451405907  0.07111392287064172
0.05616831155817031  0.06909461232099626
0.0022301823167918  0.09182641574763113
