-0.11777231125503715  0.3313329006654696
-0.05503157835624943  0.2086713998462294
-0.0894058637614506  0.3072634166136067
-0.06432658436970973  0.28036771346303807
-0.06661057488251072  0.2900059718698642
-0.042529145269550914  0.23129146722828683
0.005586012423548072  0.04006965714758149
0.0018224698735568757  0.11780639336962044
-0.0294541275478111  0.20541722158533943
0.005183660273108228  0.13024200858866253
0.010388759187700712  0.041949595302608805
0.017889506906867147  0.047691290863214185
-0.002106570217992747  0.10738909726499507
0.010394244996857038  0.12480492400318674
0.009161059847683818  0.03999500769132453
0.02515120784540139  0.0482265507865489
0.012719871358926374  0.0482903644822114
0.019763598624757583  0.04083873898802274
0.016362511101289633  0.043356882472118004
0.012441507399853764  0.03447458364807613
0.02157930661106088  0.03983205241909887
0.0186471867274141  0.04927651272905892
0.017522633134200074  0.04099443757912315
0.017427610378466962  0.04358515058332526
0.017273533991044573  0.06808141085058743
0.004570423550112968  0.0640764585194174
0.022526328554067075  0.049856375735384706
0.018884152417362077  0.04680017258283235
0.01637827495567778  0.0446764178106708
0.01918712547244946  0.03996138032931911
0.017390210930953724  0.03653188558115051
0.019866272719111754  0.043053559944794026
0.019062399575522023  0.05276616944827492
0.01216834243413127  0.04345222448817929
0.020057655570399135  0.05022695700629588
0.014554666716336423  0.04873494151267033
0.01837866391225927  0.04551042665604685
0.008736337024979144  0.07921242626532608
0.021183458045064548  0.046472187092956196
0.009053411869672633  0.046866924328059896
0.01999213780899811  0.05203327855848168
0.01737213423596051  0.041017445183262176
0.014667991085104455  0.044277182109556286
0.015464090031093386  0.06045889304574281
0.012558601419496478  0.046825800879168045
-0.005910477209025116  0.09565154001046272
-0.018856986243811144  0.11469753680751024
-0.023588834164893765  0.12545683261913163
-0.03174238322283135  0.1262552581432593
-0.03227584560802593  0.13024043539203467
0.029772486052593746  0.05755185228467337
0.038658765508122056  0.054346414271786075
0.03163473385458839  0.060485219853474166
0.046795875961401945  0.056741616383433856
0.03731595263534735  0.05433667270872532
0.04229368289566441  0.05691766624409736
0.035734996983251846  0.055134853656383494
0.03883413530836609  0.05035335939736568
0.045909790039271765  0.04994402355019833
0.03024187331174437  0.05480226292289895
0.040496858641092356  0.05611871131853876
0.05060867486331192  0.049913377995298054
0.0323564089210701  0.052427255203147075
0.04179858000501263  0.05664454345230616
0.04872359778994429  0.057858752718443505
0.03587791065501303  0.05765257887511867
0.037870722205677415  0.05858385869514285
0.039661439547546695  0.052900118451500555
0.04711275387567629  0.05222049756677118
0.037579809239359795  0.06014179408839691
0.04602870330383101  0.06180713224162923
0.03421943040270688  0.0571016811119437
0.04513528779057849  0.05475233056346088
0.030666805514182965  0.05548611415466787
0.04034164719918218  0.05612096893804738
0.03885519220413335  0.05526761485896654
0.04583496023068185  0.0531371964844947
0.04035628029693895  0.0566199183307792
0.046922313137034516  0.0500261437834234
0.03869137001334285  0.05874079335372366
0.042802473139299545  0.0595678560264006
0.04115332646310559  0.05949388332345757
0.03573448023551034  0.05370644461553567
0.04161707986448897  0.05112134570409816
0.0440444624566009  0.055661205509808916
0.034863345570803395  0.05132538530196335
0.04820092758962149  0.05378320043498314
0.034144105683451415  0.05243583242316565
0.052273010955472224  0.05900427395246156
0.03128127067265969  0.05897300708438525
0.0460284989575889  0.056467622644903
0.04655602305895232  0.06371225087824554
0.045623373453379495  0.06109456938866205
0.039763986530954976  0.06235496499148322
0.03317893673640453  0.07011128139543829
0.03295911303828884  0.06614322378854337
0.04211604125710805  0.0639036589666353
0.04255463119244753  0.07184073059177129
0.002592448648375283  0.09349925964413727
