-0.03473680514916727  0.04133124967777152
-0.01719237196396664  0.03176533123812785
-0.00788447764370638  0.023076396059771496
-0.0023123184541869258  0.022629743107250768
-0.0042162010174770885  0.02347810058700769
-0.0019337921943069292  0.023897331390493364
-0.002041280795759128  0.02463407579132444
0.004277959700832054  0.026081113086817785
-0.004725211330127941  0.020024513398391095
-2.230980491444434e-05  0.016788064532105712
0.004457164135419931  0.02008487557348849
0.003012782291490308  0.02144036503485604
0.0006977141302992606  0.021510705916327588
0.0005573320817374627  0.023593746825093905
0.004372569308340708  0.023305819097862213
0.003348444671750239  0.024776954849845566
0.005760993498134699  0.026317770583657737
3.26554362653475e-05  0.019980747478326188
9.432385362010188e-05  0.020823014206822203
0.007745790764389518  0.021357168847762245
0.004166769633726535  0.02318515014182122
0.004331146174805065  0.024939428709621764
0.004693524568407969  0.029467246746788033
0.0024727361742742813  0.031658190554425335
0.007879330261542417  0.024745989544734937
-0.001772675680132747  0.021291596924780633
0.003887908105083735  0.023286201637140416
0.007522243193877704  0.024359334200109984
0.0033989763340139412  0.022363077846323964
0.0043848543822495815  0.024585806188797
0.001700821623630695  0.025266813513898104
0.009115875987866149  0.03508690157210127
0.00025472380472627785  0.03684295848276231
0.0035015657368448762  0.02740564940595226
-0.0007842241554969131  0.027094156612859077
0.0040333850929544605  0.03224806357594958
0.004709070063353145  0.03541032772377694
0.0008944336060735214  0.031178593205634545
-2.382469741669446e-05  0.029006775229008644
0.002452011978834894  0.02972444552130215
0.00046699040384868163  0.02604766511969392
0.0012436497898556365  0.02858887192029472
-0.00048413204925957577  0.027736712044335206
-0.003815658259430439  0.0337200513205874
-0.001922938906204008  0.030072103887778867
-0.0022456119751447278  0.031024014122119976
-0.011344245449609783  0.03359698583145694
-0.018351646904895005  0.05533557158205097
-0.056505433873477805  0.08103628792963134
-0.16690139079087615  0.10473295189228837
-0.0006145346371801885  0.05290550366407296
0.030650878588927  0.04060749548418819
0.026762676822866194  0.046638935919516705
0.03750901590589552  0.046438617645462886
0.02636669235381851  0.04912757725648103
0.041022963139756646  0.04629634507044522
0.03429295852751013  0.056782722541511954
0.02879889739909847  0.04892378760876464
0.042036812530625516  0.04721523582620663
0.026527400771470803  0.04811503262302854
0.03787956120329677  0.04949865839904763
0.042375059970001336  0.05174814027320231
0.03092648001517684  0.049394918978632706
0.0409235220485682  0.04842713192758908
0.038413137950245604  0.04890821354269097
0.033830203401594205  0.051749379542124184
0.042997139881993336  0.05575304315569472
0.04000593514425251  0.053417726632331235
0.031768312181597785  0.04881571783560936
0.04451182686427103  0.05346997632497958
0.03721392714618673  0.04892027557432805
0.03984065233089458  0.05105471775793333
0.03507544762409201  0.05634394221272389
0.04591124341042502  0.04714936204521504
0.03421905101164342  0.04428876875506994
0.035236993470554895  0.05071227430161903
0.03484646602888552  0.054980545674393505
0.04724758565734735  0.05971280496177206
0.035557714097279286  0.05620994765309928
0.037546957626866516  0.046286841263898294
0.03837927902442842  0.04443019355031061
0.04129087682147031  0.04486741299706151
0.04088476544670275  0.052741689732297925
0.03818259693169139  0.04752912036827438
0.05460550957909877  0.04663634225894081
0.039895344719223756  0.055725847963530396
0.03834375546370462  0.053646120976465664
0.04558217147806877  0.05957697610926424
0.041920723128808686  0.05688399963818227
0.05163609554150865  0.05620637488814993
0.03707008731193204  0.05057677569893443
0.044555789486418425  0.05118523885042336
0.04154038304775263  0.05593036911200137
0.05529125690627116  0.06299027905999044
0.04223986288412205  0.05920929330920888
0.042207549260576134  0.06627315690173616
0.03932224986071958  0.06991732455281417
0.038418205277697445  0.0726609647182459
0.0055759614783787055  0.10402889550306121
