-0.03473680514916727  0.04133124967777152
-0.01719237196396664  0.03176533123812785
-0.00788447764370638  0.023076396059771496
-0.0023123184541869258  0.022629743107250768
-0.0042162010174770885  0.02347810058700769
-0.0019337921943069292  0.023897331390493364
-0.002041280795759128  0.02463407579132444
0.004277959700832054  0.026081113086817785
-0.004725211330127941  0.020024513398391095
-0.00010214327764113574  0.01677613104697343
0.004532315689282442  0.02006122504960906
0.003255442490011764  0.02153704788706116
0.0005208805734852806  0.021391818445220236
0.0007842189039279335  0.023786878012253276
0.0038626619017970844  0.023069557198626967
0.0033895223237845194  0.024754932315108523
0.005992186196374591  0.026282472654006125
0.00022245403034759192  0.02012488387663425
0.00030806007454052596  0.02117494835992536
0.006614198827322171  0.02226272309191974
0.004707485149010791  0.022126030525767726
0.0049139205854997715  0.025559290405054304
0.0041537639221206615  0.029506605297342833
0.002684067902299443  0.03156942617967544
0.0075006843778988985  0.024308209769486062
-0.0015202974597099583  0.021236285345260234
0.003821689996595539  0.023308547588841436
0.007462195252511696  0.02440328315993164
0.004111379674282163  0.023805490980860492
0.0033746876061857113  0.024096702771971026
0.001905831923012098  0.02469487393132518
0.009197868589111646  0.03508373399038481
0.00023184453066666945  0.03685735093223198
0.0035202751994351813  0.027253129726674895
-0.000876307668370182  0.02715488571705858
0.0038838911085311433  0.03231351135130136
0.004722168977983898  0.03536988068071253
0.0016181902266584603  0.031140456246830473
-0.0005610079175902571  0.028642473521357514
0.0023840273690448077  0.02977609962913366
0.0006259437472392415  0.02593857826026321
0.0014394401439671567  0.029276268643027813
-0.00102549671826631  0.02758296761760515
-0.0037743206179591347  0.03342725231574013
-0.0030213826147063383  0.03260222232277587
-0.004769906061058374  0.03300912169586185
-0.019577366766440688  0.05701001790334599
-0.034416324789984784  0.08508150047255181
-0.10241071740542772  0.13138506165767702
-0.12940807753900757  0.1391613182202988
0.010974466263596404  0.06115548758001395
0.027392263058384193  0.0468197827663209
0.034300477439826504  0.05006864639820939
0.04248525858160953  0.06693944071612258
0.030287143066198043  0.0578567265850171
0.04121188337779408  0.04468265318167586
0.030704361894911717  0.05896062237552672
0.036920820324409395  0.05448898414596749
0.0397872007236134  0.05037453427941042
0.030418813139877376  0.05444681756272007
0.04186711677072798  0.05025920104530298
0.04012973177394504  0.04974768172806777
0.03854310910803551  0.058564077684728266
0.042188118640400986  0.053351085705544095
0.0342310683379438  0.04449800547950775
0.03555763021714118  0.04587247323470599
0.04493844656295309  0.05499851171941675
0.038946286906430705  0.05014561246341968
0.046133737717453424  0.05435292758145977
0.028334381514921847  0.050556219376209625
0.041129057279563265  0.047608406098956196
0.04135332794725546  0.05314486442496157
0.03894544341688359  0.05151158238824711
0.046707620401551804  0.052168254777858296
0.037634052233711385  0.05126912297839835
0.034087234673688106  0.05179230240630795
0.04869291753657791  0.06232200504840909
0.03369506532696023  0.06164797939469201
0.0431563133183308  0.05676224850704323
0.0371257650792893  0.05100870575657817
0.03708579410578266  0.05816354479467817
0.03270523803899383  0.056318557480806344
0.04245424998603706  0.05525527713567385
0.038122407821895736  0.05567834704641457
0.05381312161754282  0.05157045805604404
0.03579526689700232  0.04510330152910856
0.04606748139885988  0.05494201756206412
0.041850003054695085  0.0638466492039446
0.03904306400470155  0.059623509039998975
0.043008501927240934  0.06182794701786953
0.03907032860955398  0.05672582936980972
0.045301299133748786  0.05565098665732465
0.05030204857717771  0.06419431780487754
0.03744394847379326  0.07034293376623804
0.05251079074299593  0.06508977728702364
0.030155204997321373  0.06329831446477542
0.04625053704633778  0.06180481727895317
0.028895612207750176  0.06352271064421036
0.02723487035555873  0.07971964910663483
