-0.071380930900058  0.367421834015024
0.038360480622380545  0.05757593148003819
0.03965758881435987  0.0580518621460544
0.029281488249196484  0.06245061058001336
0.047688330483155086  0.05668739650354615
0.044349994435499786  0.05818187293470726
0.04294495668360777  0.05319151521965406
0.04151752794875581  0.06386687893357824
0.04381001520067551  0.056635520939022584
0.04602905076236202  0.05815071820513385
0.054565612218568996  0.06772636527928642
0.04212654459658957  0.06288378890148447
0.04418591838960825  0.060118744525648374
0.05000927407036988  0.050782923868057994
0.04856237350253744  0.05898404893687093
0.042689368483426506  0.059477502937274815
0.04922124759326617  0.06068892859662464
0.04265611350958544  0.05885606507628394
0.05630970568201782  0.05624895435919923
0.03966519421995273  0.06533910118538752
0.033489840142522646  0.057342278796186634
0.05180740061742364  0.0571783749554915
0.04858703191997695  0.05253140576098377
0.04567186546194705  0.05373038140443594
0.039284352976863154  0.05489270846184329
0.05223098731544695  0.05451881196992669
0.05357529860517879  0.05866260886065448
0.05364727655078461  0.059424840969984495
0.034782400318627026  0.05574146856454475
0.05180803814921239  0.061549310066429476
0.04771697031715982  0.058947009178483986
0.04924367044844938  0.05601176661819182
0.04944473454355695  0.06002558053693516
0.052398564230811594  0.06091797796773117
0.050500869147287124  0.05908161950187869
0.044551672943647674  0.05593585331191241
0.042617160544258625  0.05316197418550298
0.04928869506282365  0.06844524447039349
0.0533846586100866  0.0630334323536599
0.046933456771663294  0.0653825529250878
0.048179911231583945  0.06715902032551754
0.042365458049481476  0.061669526016548494
0.0511897675484401  0.05583531433498405
0.046936595232264934  0.059803752040196084
0.04835039650504744  0.06089283387671798
0.04621474103842193  0.05818887833787493
0.04600094475950078  0.056596271194477965
0.05579722607895688  0.05800735166455197
0.0501073137539151  0.06051584332932357
0.041580901435909465  0.06306434141720574
0.04569042864051309  0.057252650942227236
0.05080059071727035  0.058878792958092944
0.048318345070007096  0.06225107248360489
0.04714746453795393  0.05823830348407154
0.04197673442843847  0.06441610956019136
0.047060333296565775  0.059731982432071236
0.04930560093475339  0.06321689107771473
0.049986254294145153  0.05072710403672564
0.04698426400746923  0.060574766355722405
0.04788658524273037  0.06061267658854784
0.04527832326058035  0.06305877289141716
0.04710575805052782  0.06026114169137056
0.05598776515895922  0.05435459499088431
0.05292052943221238  0.05736943980698582
0.04201890484914256  0.054307416565599634
0.05075351253561575  0.06764983435581971
0.04049190147789245  0.058601315344074464
0.0517593577090222  0.05854222737033425
0.04968882654015219  0.05693827098492357
0.04294493505333694  0.054330536920694256
0.04769548299837375  0.05206479480865536
0.05374031277130464  0.05055744974849778
0.045541546282044314  0.047693361747823404
0.05022920119170338  0.055192639422302125
0.047058559911455654  0.05447593602731003
0.0443215070149937  0.05759673653939071
0.048954317955721506  0.05717695350508344
0.0391215886543131  0.06026711313801985
0.04914904860036039  0.05616906260081349
0.05424001041927598  0.05869304100921608
0.04428172946312335  0.05383766677849996
0.053900187774133836  0.06324426157602234
0.044243105438068045  0.06321062127183516
0.032744141689198175  0.062279989632672915
0.05288194103839384  0.0658563774234619
0.05457560488161419  0.06253222654091718
0.05055975392244627  0.0630014654825136
0.03268565938830031  0.05930127940845516
0.054316464123204206  0.06503011118830128
0.04045599319682668  0.057819880596273784
0.043779115860585645  0.05708661950894442
0.05950737867316702  0.059303187789744735
0.03884823128470006  0.06524515471348423
0.0469077732021497  0.06137817578101827
0.03565351728384051  0.07047457336412304
0.0322913502415913  0.06660357924621825
0.04002307135370311  0.07211334522128421
0.031177008995016263  0.07393964641753524
0.02047546075913154  0.10319262335362807
