0.0008046526767381299  0.00602146729823247
0.0014042101189222667  0.009138715354758497
0.0011253589189236279  0.011602106864806522
0.0025793284016145256  0.013703724229705606
0.004166099501097298  0.015954203445522338
0.012358581428139745  0.028033872094026305
0.0227343788559924  0.044950327194402825
0.02685102994839977  0.04725923552769476
0.0222047255639783  0.052467247524847445
0.03164276189788568  0.05345865266467589
0.02765958594429092  0.05838524381733784
0.03818860096032226  0.05449055713575909
0.033055976564537994  0.05795407041106802
0.03317104929622301  0.049475727413825846
0.0391598776950811  0.06042343991539695
0.03868606913639932  0.052807452932954246
0.03605937282717375  0.05592821557985917
0.03998002943119949  0.051088534423991236
0.03962581483236768  0.05396767530040985
0.041215088013594366  0.05595311652827885
0.04346464199965069  0.053443168408833064
0.03514929693734594  0.05748527114015374
0.040558961014982985  0.04934492618425598
0.04236181022767937  0.0506318519297215
0.042633550328128544  0.05570482213355762
0.03761349115323978  0.06194353769162698
0.03838969193621431  0.06563249884452478
0.0394077870207843  0.05481080248905098
0.041533951531045075  0.056161598618642734
0.04408782321566803  0.05573299188493071
0.02956567058086477  0.057258934714329704
0.04695084771516638  0.05496514323972745
0.03366818446745817  0.05664676911886553
0.04206940846615899  0.052497897620416435
0.04018410582329154  0.05466682203996384
0.04452772922893376  0.06468398088525687
0.03819601517438144  0.0547835449746638
0.03614106948666788  0.061413695076834016
0.04546591060472647  0.05084228988840288
0.036401270435297624  0.055279223662765484
0.035601630111001495  0.06044428250141121
0.03919814240857414  0.06237329926526161
0.04286674270908756  0.06006951467790747
0.03815218353090049  0.05581544706356288
0.03824786238799025  0.056278084429137176
0.041943175330772735  0.05427203835387271
0.04162917825262615  0.046612915376574415
0.04129161106106147  0.052059235614943945
0.040914866712341104  0.04992702473355154
0.04977898882856481  0.0603065645721235
0.036737658693020515  0.056352173423772245
0.04176757921356265  0.061209857645264085
0.03863213207496495  0.05544400351597014
0.041720993064102006  0.056244914037609055
0.03890249187865616  0.05971052554883893
0.04408601542425656  0.0580924441387989
0.02849636104804431  0.055285726445330766
0.04291790267487979  0.059704646450204735
0.03912001401935368  0.05824248964824774
0.04373053341703972  0.05762618596010621
0.0455127521008637  0.06001487276383435
0.029409967238937185  0.053026934200833334
0.047140823855367116  0.06028949802533014
0.03626921563495626  0.05578261359274854
0.03959100533032846  0.05673827091219484
0.0433875817552617  0.06014087877278052
0.04065833868591805  0.06126739318093522
0.034870212854769024  0.06495017696426827
0.03811840714925959  0.05238582321657924
0.041150409220775674  0.056588979684681184
0.044152419231527344  0.05356238080171808
0.04240539544284025  0.05188264747770229
0.03524865386411757  0.056973027057285366
0.046987455948760866  0.05470268393236922
0.03912941360940913  0.060704225443595425
0.03496392040713248  0.06166695190524087
0.04045003369499069  0.05560207921453052
0.04506281289575983  0.053455441397636645
0.03822445098602695  0.053094542302585826
0.038013868578990445  0.05350505538086558
0.0333737996946234  0.05226720232661082
0.04865455390025363  0.05550070264066865
0.04301852756516488  0.05611451715879178
0.038754587905294936  0.05032157556875334
0.032818954583690885  0.05782305224038773
0.04133512604531875  0.051662968249689106
0.04208834446400405  0.054827553219345224
0.0385874501863339  0.05730047586083744
0.0382880100546454  0.06143650915227816
0.04142710391684306  0.05697911201285652
0.03788262501190641  0.055638763139659056
0.037009643315843395  0.0580730916692453
0.04378494570398971  0.061917981448038215
0.04013592123324637  0.05667758633682812
0.04049813746925949  0.05688876802000715
0.04337722146711724  0.046856969622948184
0.036704806236968125  0.057640015757619296
0.04203543542730975  0.05206318031840337
0.04016583294457278  0.058055329183302966
0.03667858675007713  0.056378400476810975
0.03914164890045883  0.05619895027172179
0.04559496037030749  0.05824569516862984
0.034795251790590176  0.05683132782424735
0.043283367922005635  0.05426765287214101
0.03910605628372585  0.05347668459323129
0.034868523238473184  0.06576374947559147
0.048413806989521004  0.06172034360959506
0.03820840754315158  0.0611730392228662
0.03566778766280669  0.06088151670200132
0.040070995935457446  0.06302932016687597
0.0339708335503334  0.05668486618270677
0.05016968592601143  0.05200060046582254
0.03226803592702006  0.05967884679205703
0.0462508663798177  0.05427451094206077
0.03654995136298417  0.054018079664597415
0.04278968897502666  0.05590479851716278
0.04098859458164953  0.056457487625358196
0.04166142113675119  0.053870074422504986
0.03790656402328407  0.06422596914852027
0.03595150664909635  0.06448671087541348
0.03831909828702061  0.05991216821892725
0.04188547334246117  0.056052090992694086
0.0389786386289167  0.05863931863168668
0.037754512890072596  0.057468326063868064
0.04234169377370859  0.061362940294618584
0.03878410647300684  0.06166800574550639
0.04216836107618856  0.06270295787036433
0.035602984105846315  0.06327307669754455
0.03288688820367462  0.061539431760422925
0.04155028279920132  0.060083513649267374
0.03331011016051273  0.061082170007354
0.034915879157408215  0.06057337075673147
0.029536742862609724  0.06717189440441082
0.009548860815503013  0.080550658339353
-0.002425704163772369  0.07199334199080427
-0.026736101616269322  0.0696085358355939
-0.007037760135434331  0.04229892881154592
-1.7206694423278965e-05  0.020578900995829957
0.0008231641616939392  0.009704967736139774
