0.01111641057902745  0.02487486379080592
0.015089028893600113  0.032885972747833184
0.02505672551259697  0.044290700971167524
0.01805793422975087  0.042841638775289334
0.032547713688423976  0.05126641935530174
0.01680446577190824  0.05242923815521887
0.02666962990660927  0.0447349644553519
0.0313705475266295  0.044419612615394684
0.024498585451648593  0.050288262255747944
0.03041716499181468  0.050524795164586495
0.031305674856164326  0.050213797697085644
0.027936114727922304  0.051971418932845174
0.034992879270246094  0.04862550479898063
0.02553435627998294  0.05073474677320406
0.03190068126146924  0.05125528501498928
0.031327423574515664  0.05361176990758539
0.032763580481718145  0.0506329516561505
0.03025221712691032  0.05030798404799996
0.03333053233671574  0.045851673490064374
0.03783015802054298  0.05572319705078446
0.03314950570626911  0.052098218746214904
0.03367395561951091  0.04901126336778278
0.032075632226681604  0.05607606842073587
0.033241060357165945  0.0516267311170983
0.03085663405480074  0.05188233902837388
0.039537247810630116  0.04963738071326996
0.030500334351535173  0.054020665127423734
0.03848545577571344  0.04848556375094556
0.039690880480473686  0.054462882414217276
0.027141091488504854  0.05201284102608423
0.03526804061518614  0.05278522808104526
0.03604624559154724  0.052510914367858916
0.04300856507245241  0.05330479780285736
0.03910098765490292  0.05698480163326976
0.03174332121497977  0.05279007719108525
0.03993185033551215  0.048284332868746734
0.04393841802931274  0.057783994005705504
0.03099925427546748  0.0595024906954221
0.03591330945646568  0.04722722809806496
0.043361942369578695  0.056132977208213634
0.03298062661207206  0.055954999791336966
0.04123231377129739  0.05196194893871327
0.045148800772637276  0.05120573776872533
0.03206203381804315  0.051888758638049516
0.04281170188570965  0.05084992490082343
0.03710626584267287  0.04727215811638152
0.03913667099938119  0.04662246790900581
0.038160989952817206  0.05218571718500326
0.04084326112593923  0.045993660785231004
0.04425573349190298  0.04498189852179071
0.044842050022158894  0.05670162273508792
0.03699862107803574  0.052210083944900676
0.03654013909822642  0.04307100994610356
0.039265099747145794  0.04941051267194973
0.041518499417979346  0.053129358460296684
0.035507323338341834  0.04384996222123056
0.03629199435986617  0.04661648247298824
0.04603511720554667  0.04985105624316718
0.03442008064436031  0.045217305629444315
0.040308202501667126  0.046110750531703146
0.042106998436430246  0.05126334365535487
0.04290643464158515  0.054762407527660116
0.03716034966602064  0.049376704908003353
0.04066977626259255  0.05162729511176686
0.03132891202383876  0.04937469976036559
0.04470428840594648  0.050385840698550156
0.041070549482378683  0.046860687346319436
0.03329441174187014  0.04712204996847631
0.044961442954061376  0.04936888581335197
0.03754776666064084  0.048325012892362455
0.05138783994245108  0.0498733563581771
0.032930216357273896  0.05653292262285374
0.036077241965227  0.05381465778555586
0.04546679431134374  0.05337743489202146
0.03619002304028068  0.048574603809940116
0.04641503488504094  0.047662757088734506
0.034435223489912674  0.04682255267523941
0.044743803300928205  0.047716220128978686
0.02875694293735672  0.04411207129456331
0.05217893796552896  0.04972115557622336
0.039556874728666744  0.05536991719112596
0.040160301551842255  0.05179581249018784
0.030892770526537185  0.04828377827460605
0.043022739832476745  0.04706407028990515
0.04500833538580306  0.05398934093155181
0.03562368896441866  0.05537308431071654
0.04139071680802283  0.047052128647953995
0.039442795778275835  0.049871707797319725
0.04488967560006021  0.055007564187557076
0.03348560619053988  0.046473106391619966
0.03987454971899979  0.05492631590732625
0.03972133545146237  0.054856275894697965
0.04409486475653716  0.04699307386046562
0.042449588616293325  0.05079124868704279
0.03401532542884976  0.04665464810516348
0.04120191612504921  0.05279293435064082
0.03917190155332958  0.051390055517072174
0.03677975328783531  0.052753303124507794
0.042999232943896196  0.05651872938665552
0.04040021983965573  0.05207174884611177
0.03881320427725777  0.05064778899955369
0.04339752368278582  0.051434487956602666
0.048015758245481224  0.059628206982654385
0.030303898161716473  0.05641157977996895
0.04119146569563592  0.04929293189265039
0.04454227398597263  0.05171540572572537
0.04455371672914671  0.05820430815609802
0.038833797096963246  0.057900041613248084
0.04152269102795991  0.05212959037024186
0.041993519263561006  0.05369033982783458
0.03569107946071958  0.050416673178569335
0.027529590222051613  0.04668335099607131
0.03925989061463399  0.041666629311050814
0.037532974308538414  0.04920860943184834
0.04157681479777578  0.050978955273548704
0.03743746414837348  0.04859035879782782
0.03490997462262066  0.05051843152996578
0.040875735978993195  0.04915394771609991
0.03581352401923865  0.04929893834032664
0.046450745762431356  0.04878616144055455
0.04054264012658865  0.05425000702927619
0.040216646272760004  0.05411353671811726
0.04831307218160981  0.05512138817050362
0.039391244957711395  0.05637585625359523
0.044726280331877866  0.056882066262715004
0.04767882890311922  0.054913258883214466
0.03847384015471059  0.0546119675036195
0.046209945132786916  0.04951884436669075
0.04713538091860877  0.05394152645637787
0.04023896861565591  0.05748403844696209
0.04617662112402822  0.05821022229969636
0.0502102114078997  0.0592795312901435
0.03928286806236901  0.05926186999149176
0.0508859095276174  0.059734010042483646
0.03609573424532094  0.061944556069649465
0.055789994403270295  0.06734477273363015
0.03247370561682504  0.07136671379938048
0.03412001654755482  0.08407466762378021
0.014608732795395696  0.09869750190134934
