0.0  0.0
0.0  0.0
0.0  0.0
0.0  0.0
0.0  0.0
0.0  0.0
0.0  0.0
0.0  0.0
0.0  0.0
0.000424496342154969  0.005004738063666242
0.00036564691783064364  0.0048043166891329515
0.0012310132652963229  0.009228916169399647
0.0039060269256438003  0.020987577233510826
0.005950247074789861  0.029813064388775918
0.01152794577233454  0.03786077956101467
0.017157924600134995  0.04844773659083879
0.025040888194263575  0.05029495732003766
0.036185884555891085  0.061445258191747114
0.03257995813451242  0.0606679457935983
0.030994130231234866  0.06263856529877379
0.039135808532368276  0.06382474318308676
0.04729641438576871  0.06554708565784392
0.035751496802706687  0.06472678216231119
0.0353436240295978  0.059108449838562845
0.04653410605241721  0.05854353895011289
0.045337048872940953  0.06152845197265559
0.040853458963385124  0.060893082408992404
0.05055153002573034  0.06369097153981329
0.033173559165694894  0.05930256126298582
0.05431354928833877  0.05574032752882069
0.04533929326150917  0.058611419819930774
0.04684607991034557  0.0605300994075644
0.05241536856933306  0.05926672691065766
0.04348216197441587  0.05819247835830072
0.04662045343125024  0.05403355222119921
0.05177103413286108  0.05220518633433816
0.03868701185915829  0.05943372112429454
0.04913866680268389  0.05670495175005681
0.04935864838381189  0.058773441937220124
0.04868834980774419  0.05724362282901505
0.047728179561129846  0.05233901924381516
0.050306626483449336  0.05584179624033167
0.04138422019164597  0.05587998070850826
0.053673766704196754  0.056421199505408935
0.047919515249828196  0.05873338401834229
0.03397570321461894  0.06637937779789613
0.06109255156805742  0.05298503373007121
0.044076999242490124  0.05896082321089756
0.0569422098757253  0.05875871582776844
0.04218294496226469  0.0602778349367254
0.043663858270773306  0.05523384096453784
0.051557710884435864  0.061576633793468886
0.04939283090365063  0.054451241332741755
0.04376030785802488  0.057461761513852815
0.05459005724242626  0.059600714633814895
0.042195180244510015  0.061545025835224636
0.049885398439674114  0.057222419472793204
0.051177008054545677  0.058342991987386066
0.04357730122098025  0.056537978952435335
0.05140400692612555  0.05993557043513247
0.05117004606631  0.06309804137905582
0.04393428278713322  0.05401750374712888
0.04461047148196059  0.05584825192894949
0.042765035898314846  0.05863280557218683
0.0493430144730694  0.052897009969041946
0.05557656852291382  0.05717096573690987
0.04052018343990898  0.05866406054724835
0.04903434738877638  0.057880907357061105
0.0511835218042371  0.05734148931997615
0.04632144867742773  0.05753553459843451
0.05046033595550429  0.05905769453957464
0.042684872531166665  0.05547938505001995
0.049236056622029165  0.05705572598328907
0.055943328334595636  0.04982771956161917
0.04106733255401943  0.05966568555936341
0.054892824108424366  0.058130047556687464
0.04574945675109529  0.059434585734918034
0.046808647571540365  0.0571786283310597
0.04992595963278182  0.05893110651267919
0.04724420398319636  0.05424294708439705
0.05212997330236203  0.052571261111540035
0.041540147919343115  0.05609889709881989
0.053827475683742305  0.05990249568475591
0.045004414201597155  0.06481972393770455
0.043829352763954735  0.06303477773447076
0.04416486358554968  0.05672876338007556
0.04967639054060624  0.05832931465866291
0.05093728958719244  0.05325004792821864
0.045920608110823706  0.05908281031281837
0.05397034294415673  0.05796607113889428
0.04218301866275885  0.061914955342364554
0.05114537834065564  0.059252473538457355
0.04253537405283939  0.05999279641585317
0.0544037031861917  0.06016561876000157
0.04566104707898554  0.06326610394612515
0.04578258464869552  0.05872640596450453
0.050443403557423626  0.05891593709911187
0.04545612724073794  0.05441644532312998
0.043815693551535674  0.059305846844538414
0.05536248892931964  0.05582009712227027
0.040516283640168446  0.058988045956678004
0.05514979807637314  0.05933583363841138
0.04389875286005009  0.05922039634531704
0.04190928830635687  0.058346405048709235
0.05094875632010102  0.05978331072244249
0.04720800715026389  0.058192802039671664
0.048276408288348054  0.060670991346344766
0.04376467971049937  0.059944653930771655
0.04550050057466825  0.06546535448174531
0.035445502246506666  0.054299754021071144
0.055207179825539875  0.06137032285611188
0.045203172345713014  0.05522268096146407
0.0398242045073943  0.05837742601163046
0.04201504894767999  0.05573534236442441
0.04658399161634372  0.05716586391438617
0.0462481024544433  0.05874226700636654
0.0380847172839263  0.06505312218481932
0.03851339002588326  0.06356808052299809
0.03661223117603659  0.058321393371712466
0.0335555003461216  0.059591555384110796
0.038555624605450846  0.06574880848718238
0.022496422779503346  0.06272268048636644
0.022594296222188517  0.05860690001676834
0.012077387367797865  0.0568369441801787
0.013259769342668447  0.04911004901046071
0.007012429927211827  0.033802719257528605
0.0059601412069933525  0.03024145863175827
0.005039747936289391  0.019878608953361167
0.002871867037957641  0.020936615411189633
0.002795484227904334  0.01760552398594784
0.0019362926385903868  0.012296769516358714
0.0006010254814207837  0.006671403722254385
0.0009839824759125973  0.007476395859902557
0.0005236448996561061  0.005191790530488544
0.00021354113861167258  0.0025176116510275317
5.931757820779117e-05  0.0006993437652458122
3.4903410320704813e-11  1.716660228430598e-09
-1.7093813348927662e-10  1.5076241913620917e-09
1.177932386551918e-10  1.190904598883893e-09
