0.00791659166050973  0.01958325801440589
0.009570441151152645  0.025204331504796243
0.01575723260658671  0.037712550220704355
0.02059750957023142  0.045032673600533916
0.029710348930787913  0.048804037531404734
0.026661246614026014  0.049863106140489846
0.019003077834436066  0.051359159583442636
0.03317200677265231  0.04846879856906307
0.032460305995798765  0.050777088465547404
0.03206297752968901  0.049429029938827314
0.02841009534388027  0.057106100132246776
0.03290353871801536  0.05723881814224015
0.022266215948499708  0.049645527126808475
0.040485556127479345  0.050038425635232496
0.032865687888002204  0.052818276434526024
0.03462810291688999  0.04761571271425245
0.035545680252868445  0.05352892072686042
0.0349795957278779  0.0595182540849312
0.03681622366662872  0.05121377648695737
0.03471348861465778  0.05603404141914366
0.029999591513413876  0.05437280126097521
0.04022876004620358  0.04939872263713519
0.03532222008455797  0.05354092592726785
0.02945238877535107  0.05108055228826923
0.040833961868998514  0.05329855459896823
0.03535684027648109  0.054180257932588786
0.039801889265459696  0.056547770955739006
0.023845236175727296  0.05162446748273896
0.041949059549408044  0.052078024709224395
0.04178867529194013  0.05504462307182928
0.03346306446035866  0.05702448701343805
0.041955182704747275  0.05125724290135069
0.03044053598157209  0.05107712756574676
0.04616092716557959  0.05442426549681319
0.031841941268412347  0.05306742614249525
0.037093993897559116  0.052065312418260554
0.029378137521938248  0.05199073467847643
0.0465279617126211  0.04954363150794584
0.03324032285917252  0.055453623431751475
0.04700422708531879  0.051023462935683744
0.029274494662091255  0.053210881561115524
0.04630866348893712  0.05069560558872692
0.035091320630293014  0.05397042853949637
0.03514746534021815  0.04958615144067382
0.04379507096518579  0.053224601126195065
0.03358826684402664  0.055163777200634104
0.04316875112566918  0.056708142181970685
0.043640920911340905  0.05373774216768335
0.03412780150959914  0.054151204851823266
0.03743951022621743  0.05887026168116601
0.038041946553963354  0.04937953250472183
0.034932921955147085  0.049344600193869374
0.04673130500047209  0.05073538520550763
0.03287377596508749  0.05867843475668895
0.040359473430790146  0.053938950735611696
0.041174054910890386  0.05652442802272397
0.04099377670406695  0.060165365725119255
0.037022509862295716  0.053786893118806293
0.037156758742916414  0.05116829124102304
0.04536569296213654  0.05264621938873014
0.04141609195194421  0.05625959103813734
0.0344055930605769  0.060642323517713995
0.03459229167252278  0.05833308006327846
0.045882078379278025  0.050833567369805606
0.04057915440536687  0.05667119225094541
0.039711656712652296  0.06912725873119581
0.03933916731723835  0.06832082127401458
0.03899056915774904  0.056718324955092034
0.031025684984830906  0.05517314747986317
0.04237345809073467  0.0486713139600777
0.04081284925895067  0.05183522518105852
0.0332404514979305  0.04996087873758224
0.0454888615588421  0.0535480819396911
0.0331709122493389  0.05260371715462357
0.046200407602324904  0.047456947660393205
0.03608817531029093  0.04843400073277887
0.03771158345995695  0.048707511365087004
0.04086642968702039  0.050348468389350004
0.0443132775765516  0.04881635304285527
0.0412612307495361  0.051568661921163376
0.03495260141881772  0.05273761870213517
0.038830819878473845  0.05483899431145226
0.04452984881838007  0.050837643857088284
0.04305408672850716  0.056020973249348495
0.030439127159896665  0.055475340341059186
0.04151726997444389  0.04960571938826731
0.03761178057286242  0.04916982843851235
0.04372372927817888  0.0535538768063849
0.04144411919282517  0.05780903941646347
0.04131291200415026  0.06579483135968547
0.03857035688418504  0.05523527835513976
0.03940972138175436  0.04685482039271045
0.03306761623250901  0.053467716499175214
0.04374892001561775  0.053512144381901286
0.03398620016285905  0.04954206174769777
0.04926595566438183  0.049853064458968296
0.04026112177970919  0.0553001415563042
0.039806968377717133  0.05500871611879542
0.032774466149111454  0.05366500566906503
0.0415061115453355  0.049832338886550094
0.039168006424507115  0.04957084354470032
0.046846233566170625  0.05252916634763918
0.03465648556214041  0.05299680105126769
0.04538602721001986  0.0528974279348723
0.03142764516497876  0.055311741503443014
0.041605113555488786  0.04835566710681521
0.03331609210098969  0.04946825581033837
0.04983623385279015  0.05110638677597206
0.036626491466091884  0.0508655283319843
0.04249416832653382  0.050580348458165926
0.040153352627593134  0.05095452867182319
0.0372189748515757  0.052561502919569306
0.039394538962541796  0.05579359195035897
0.04280800984955311  0.05441772863671105
0.04112949871393872  0.05091177061960512
0.033999984424146194  0.05368343023659897
0.032527175430844824  0.049508782817359626
0.039435874871952804  0.04803338138043062
0.0397220338833333  0.04760594432251554
0.045957883934001964  0.04892840501514962
0.04271352786942151  0.05168698546352273
0.04030080595345896  0.049556705246660775
0.04042638293267153  0.05211969999285949
0.045084908511605015  0.053385505677937845
0.03784935656265058  0.061391965744724324
0.04502251801791332  0.05241727329827235
0.03743849011937538  0.056835222948341035
0.055517285975973545  0.052530475363752445
0.04145466928537245  0.06071819054403777
0.0448513725559197  0.06557597015893696
0.03980616903509109  0.05776502055912378
0.03715812420472776  0.055857643955172925
0.046266293768162624  0.062423839456278114
0.038003821948545194  0.06681807312622831
0.052077820012055624  0.06622713959331003
0.03574510878265186  0.07101656103517842
0.02880825970652482  0.08512997408560924
-0.006615724549083812  0.10830308487201057
-0.07074381577795932  0.12582025264859045
