0.002628259724031144  0.011968447484245547
0.004725027533332796  0.01774185118442418
0.004319517846075506  0.021614233021188173
0.01593549121402326  0.03291298025330446
0.023177321233342988  0.04362726290103979
0.02554182625124444  0.0490346921102443
0.023054086715540205  0.049702433177460065
0.025599646761746125  0.04688769944485633
0.035802413232325116  0.05149890423067444
0.033403208912148354  0.054192610375799755
0.02528385301062114  0.05424983563162087
0.04270741854656786  0.053569283982258
0.02788822905943938  0.055996346915394415
0.03752248479481461  0.054605289288848786
0.03604547724980863  0.05681499683931684
0.04072867177899331  0.057795051721626425
0.03391463288837567  0.053446886590956755
0.03819888725899899  0.05276018407882968
0.03472998839715811  0.05861727443784548
0.03189856182377705  0.053591306951746
0.04096234957160786  0.05278741007405336
0.03617455973603149  0.049027735932329765
0.03895211870084982  0.053643847166131284
0.03655532473306041  0.05057522026967578
0.03703610035090564  0.05345549744158988
0.04554636661210823  0.05491860781247899
0.03643037482303862  0.054863175226548766
0.043279803930585906  0.06104989343226634
0.03911668140213018  0.058245253591519615
0.03287852105799771  0.05283879452781811
0.042857614211245676  0.05328151637251975
0.03911295895973369  0.0549237142945573
0.04014270506226116  0.06091905248533421
0.03350293188197926  0.05680015946846137
0.03826536008690411  0.05562779212953438
0.033497414779295465  0.049114905721357086
0.03287509303318912  0.057115665859913754
0.044566060132012225  0.04977463407228524
0.03717397362701028  0.05170067210200717
0.04442509179971561  0.05117141374290055
0.04051523384434792  0.05605384142710227
0.03699160018720274  0.058524905072297954
0.03882855336480378  0.05704638724347834
0.040209023592705825  0.05875882654693108
0.04109519738082217  0.05577639399251883
0.04063423522530982  0.0581986542191677
0.03366690612151007  0.055028045840544236
0.0346171855748692  0.05119404954920733
0.04451911801639348  0.05328201124069532
0.03284916125224804  0.05311088605454131
0.037667059545664995  0.05304161994764072
0.03946336632753808  0.05577880791344715
0.041821979214476314  0.05085457195563426
0.0437884210664222  0.05558382454341897
0.03235737892746486  0.055714221168069476
0.046361501127722804  0.05867201999499778
0.033543535954129906  0.05801032855140005
0.04171533900444135  0.05480252886671855
0.03681687181735975  0.05768916509316431
0.03793348322348192  0.06031063193885823
0.039431606878362745  0.0640472404541734
0.034430580519288344  0.054425306301135554
0.044322671389455594  0.0487995144163724
0.038196278437436  0.05646832184200875
0.03751943131128034  0.05107154091103005
0.03983973982494055  0.045100775773556166
0.04063001212162576  0.05221234566169212
0.03756770543013511  0.05395350021789264
0.04101757180778539  0.0544032810873947
0.04027679305246837  0.05571774839173031
0.03924265528006724  0.05707551636565939
0.03836644903922352  0.05790701770971181
0.03908401088617592  0.05271752168500349
0.039248520611911225  0.06075208996316962
0.0450239971552416  0.05256656591348685
0.03947565567095229  0.059117813144551876
0.036716309674609295  0.06166876936429967
0.034677955269308704  0.06166912673292515
0.03770926488556918  0.05267680283837668
0.04049657512988555  0.0580015705759107
0.03710661173915403  0.05574232377552865
0.035037404532850716  0.053673190556660824
0.0421577371226406  0.05245564937865851
0.036326904739940866  0.04982412606690582
0.043254202009349395  0.05109503978817365
0.03628950221304115  0.05429664825802846
0.04784147453817689  0.05515171259551615
0.03456319551977334  0.05518802045436187
0.03414438647867185  0.05345162564533262
0.04188132281178225  0.05860997872830084
0.04606978184076362  0.05772725977579794
0.03009986183725375  0.0503182498048616
0.03545155288081507  0.05226765099632244
0.04189881639338654  0.05365843225343597
0.04021991236965101  0.05997742257536959
0.04411121612199975  0.052109247729361104
0.038359985563791756  0.05840250967932379
0.03275801011592653  0.05548900510134997
0.03938684714928452  0.05059992644439063
0.043668904654650925  0.05903777643927603
0.03618646380378415  0.058492653631329404
0.033220608919116226  0.05930680986106546
0.04435390932743701  0.05118682007525625
0.043625656294158585  0.057689594374431344
0.028558168732421858  0.05133728498817619
0.04340139531325082  0.0559432479760406
0.041042771918984707  0.05270192344184327
0.03472751893966727  0.05505248598346312
0.041219317381947215  0.05387950478636324
0.04048021105591804  0.04513080391434678
0.04144421661277435  0.05689895931334347
0.03829621054141295  0.0569545317176733
0.03579181795947092  0.05487294740486309
0.04013331578846652  0.059853985940396544
0.040343787774630234  0.05740163029118304
0.04089380101728503  0.05111762211007761
0.04525710280879389  0.06730788619664345
0.03052071936672106  0.05897446101984312
0.03695850775409708  0.05208922421576069
0.038872011542086214  0.05274471003032705
0.037961351109351046  0.05726706269489557
0.033959443222255054  0.05064657014316438
0.04550076199216196  0.05063329967153685
0.0391695607178842  0.059147369574707946
0.0485899278764771  0.060745272861100416
0.04250459567628924  0.05908084740263343
0.038153958305714525  0.05994951296533323
0.03196704972402746  0.062485406789113664
0.05071886512568167  0.057541325831598523
0.04730893443155514  0.06301142765141513
0.03981890943968693  0.0613757585067999
0.041129779353276774  0.06210771654680546
0.041803096957265994  0.05961811045549516
0.034168956834064984  0.06131023685436025
0.0345665446551547  0.07606758248742854
0.025564384671355456  0.08438045906293055
-0.005485723704674721  0.09267762979275591
-0.05509482500125899  0.10073532773831965
-0.04472744608908515  0.0917813258983805
