0.0  0.0
0.0  0.0
0.0  0.0
7.017632812676185e-05  0.0008273667065336504
0.001345537458178844  0.009825400784988144
0.0014580049308916098  0.013202042701775014
0.0019088237774036708  0.01388951700900318
0.004270124812580933  0.01727854806395608
0.008766255031300777  0.026388591552691198
0.01368952436922458  0.02846370129486762
0.02428385258337834  0.049446014730923284
0.033849350873725294  0.05596652658500499
0.030052916298601018  0.06265931979538569
0.027210910921666276  0.06131869679987659
0.03627725482756491  0.05848140966173871
0.037039075222052964  0.05524662497398284
0.03641484108894278  0.0592134142664287
0.040116885762551534  0.055480259834890834
0.041130509330302524  0.05357982140485899
0.04318266613838919  0.05497717286356958
0.03714185102838014  0.048950496099821106
0.045540614342099356  0.04981607328839444
0.048730504690118956  0.05196133919204605
0.03149848965210703  0.060329518877740455
0.0463865577525919  0.06102439187538803
0.03317456842495758  0.060203031007286203
0.0457985744826081  0.054472127828025456
0.04670650657670156  0.05370675876125156
0.031328742832037126  0.056729807024280744
0.0485918301404255  0.054925778524807595
0.037318633784087306  0.05552010718527946
0.04426656102727488  0.05528146004017901
0.0477004204070148  0.06038195746358134
0.04241474368882571  0.059486888684492846
0.03827446672098853  0.05529029103281187
0.04069609129798165  0.05143436557239328
0.04446170200700171  0.05078926948518484
0.04228731814970696  0.056184532439526556
0.04308723240479788  0.06070031437697488
0.044388314582760345  0.05539044976082356
0.03757211824878641  0.05210359421619898
0.049909351605265224  0.05848618704000839
0.03775277884909723  0.0601319472491006
0.040986973103868674  0.059637594862241794
0.04366074040625502  0.05886977595503198
0.04081704685266768  0.06095049869810504
0.04607722102343397  0.06302080086040271
0.042216734676995146  0.05822780736272822
0.038604508394569595  0.052693258695891115
0.0503895099543551  0.05741054053518997
0.03151210801910619  0.06001776944724928
0.044803077755433636  0.05262431842456183
0.03691983818714032  0.062491594376742884
0.052818244059548214  0.05456173182010256
0.04388322272065158  0.05629670160287074
0.04071501743312915  0.05841072641378936
0.03941624782164589  0.055500760319969776
0.04458753461346739  0.057651358976442295
0.038963684993991166  0.05766290836174096
0.05086349595207484  0.05698269105405336
0.034114625125891224  0.05697382077000518
0.03919265529936829  0.05873850150537256
0.05301268468713494  0.05996240985870123
0.04229198000813584  0.058709974153355486
0.031531702089691714  0.05393226984528385
0.052340538688266575  0.05046176448324342
0.038171011808665535  0.05421181068225599
0.05389826330197738  0.0562488745843729
0.035148617487616884  0.06592907404308943
0.04354830006040759  0.0543151551851624
0.038973952198938525  0.056314757280981245
0.05162541095266378  0.0541320032614749
0.038992471903915006  0.05201718003139743
0.044101910739959595  0.0553288679032148
0.04231979259098389  0.056003473020885014
0.038963439124338375  0.0553542613486086
0.04482434821068015  0.04855843477255071
0.03791753925742702  0.05020108547368534
0.0484627099483465  0.0565497802453655
0.03810348642772043  0.05388914330920563
0.047955397494703525  0.058301467019908064
0.04437726665103332  0.05149585117358108
0.03887341539564565  0.055554234647603506
0.04321888517948414  0.057251313239292737
0.050422356633266496  0.0549219255868223
0.03778814570334773  0.05297243925590779
0.03968410427567935  0.05505525714392048
0.047720126773186614  0.06499928765809151
0.03785353327279701  0.059411622088815
0.04133667760550781  0.05767942963436298
0.047244932610721144  0.061324997943032034
0.0434909733232729  0.0607408017939987
0.04576222365858152  0.054406299403231204
0.04368899238564046  0.05791488096981404
0.03523064726930916  0.06117530975807819
0.043847608717159633  0.05998426573924463
0.03560997420232062  0.059310350156363156
0.048882151164343794  0.05689161400095547
0.042062890307399146  0.05900672204406061
0.045311105087989044  0.05424511454053732
0.04023722281671639  0.056537153301014026
0.04867379441273339  0.05575418311227002
0.040380406709894394  0.056059811104948856
0.03108826330422507  0.056321112337428425
0.04647592333726924  0.054002416530652644
0.04210972778971554  0.05614889052313526
0.04610196183921934  0.0574462899287106
0.03971934106312945  0.05727488116086675
0.04413629347534064  0.05686431925522278
0.04350010403596677  0.05793533062228427
0.03998650606607475  0.06298928693646165
0.04323112841390372  0.05960079539337382
0.04183038061074418  0.0592820020904365
0.040909410353936436  0.05988565009671681
0.04460720994797403  0.05967791679072601
0.04591199868272698  0.052616863547029664
0.03761964660362201  0.05802992597394218
0.03946853804607928  0.05747877666823913
0.040313936483012895  0.0662983577800553
0.03609657315575146  0.06334460906360366
0.03988364318936515  0.05696200249750126
0.04804913056097481  0.05685270337414048
0.035655181409164065  0.06163532104556449
0.035645701487482036  0.06097624690310445
0.03690080321120142  0.06337057461994967
0.03707266440805829  0.06509453341406837
0.026869610576274888  0.06564407126374154
0.02962300268230682  0.05136397311881423
0.028984010737600967  0.06561287003968341
0.0020414109625742478  0.060576660731235514
0.0031042296094713684  0.05444143515777931
0.0018285961262379548  0.05116758949479068
0.005860491709628879  0.041399107042206486
0.00494996158430383  0.031128672561829808
0.0020150378490404654  0.02427517436828442
0.0003616069198151114  0.014156564876962418
0.0015014723135256267  0.013377446538229905
0.00022465192216386383  0.0026486084064782263
-3.303982135502029e-10  3.3408673967981173e-09
